 0.1980429 0.088588506 0.97618186
 0.19769755 0.088231683 0.97628421
 0.1973457 0.08823806 0.97635478
 0.19699378 0.088244431 0.97642523
 0.19664182 0.088250801 0.97649574
 0.19628976 0.088257149 0.97656596
 0.1959376 0.088263482 0.97663599
 0.19558538 0.088269807 0.97670609
 0.19523311 0.088276133 0.976776
 0.19488703 0.087918967 0.97687733
 0.19453457 0.087925233 0.97694701
 0.19418205 0.087931499 0.97701663
 0.19382945 0.08793775 0.97708601
 0.19348298 0.087580368 0.97718674
 0.19313021 0.087586567 0.977256
 0.19277737 0.087592766 0.97732508
 0.19242448 0.08759895 0.9773941
 0.19207764 0.087241367 0.9774943
 0.19172457 0.087247506 0.97756314
 0.19137141 0.08725363 0.97763169
 0.19101819 0.087259747 0.97770029
 0.19067098 0.08690197 0.97779989
 0.1903176 0.086908035 0.9778682
 0.18996415 0.0869141 0.97793633
 0.18961664 0.086556144 0.97803557
 0.18926303 0.086562164 0.97810352
 0.18891533 0.086204082 0.9782024
 0.18856156 0.08621005 0.97827005
 0.18820772 0.08621601 0.97833771
 0.18785973 0.085857771 0.97843605
 0.18750572 0.08586368 0.97850341
 0.18715753 0.085505307 0.97860146
 0.18680336 0.08551117 0.97866863
 0.186455 0.085152671 0.97876632
 0.18610068 0.08515849 0.97883326
 0.18575208 0.084799863 0.97893059
 0.18539761 0.084805645 0.97899729
 0.18504882 0.084446885 0.97909433
 0.18469419 0.084452614 0.97916073
 0.18434522 0.084093727 0.9792574
 0.18399043 0.084099412 0.97932363
 0.18364123 0.083740406 0.97941989
 0.18329193 0.083381295 0.97951597
 0.18293692 0.083386913 0.97958195
 0.18258741 0.083027676 0.97967762
 0.1822378 0.082668364 0.97977316
 0.18188255 0.082673885 0.97983861
 0.18153273 0.082314432 0.97993374
 0.18118279 0.081954896 0.98002863
 0.18083274 0.081595272 0.98012334
 0.18047719 0.081600681 0.98018837
 0.18012697 0.08124093 0.98028278
 0.17977659 0.080881089 0.98037684
 0.1794261 0.080521144 0.98047054
 0.17907552 0.080161117 0.98056418
 0.17872483 0.079801008 0.98065752
 0.17837404 0.07944081 0.98075074
 0.1780231 0.079080507 0.98084348
 0.17767206 0.07872013 0.98093617
 0.17732093 0.078359663 0.98102862
 0.17696965 0.0779991 0.98112077
 0.17661829 0.077638455 0.98121268
 0.17626679 0.077277713 0.98130429
 0.1759152 0.076916888 0.98139578
 0.17592016 0.076551028 0.98142344
 0.1755684 0.076190062 0.98151451
 0.17521656 0.075829014 0.98160535
 0.17486459 0.075467885 0.98169601
 0.17486945 0.075101823 0.98172325
 0.17451735 0.074740551 0.98181343
 0.17416511 0.074379183 0.98190343
 0.17416987 0.074012987 0.9819302
 0.17381752 0.073651493 0.98201984
 0.17346503 0.073289901 0.98210919
 0.17346971 0.072923571 0.98213565
 0.17311709 0.072561845 0.98222464
 0.17312171 0.072195441 0.98225087
 0.17276894 0.071833566 0.98233944
 0.17277351 0.071467087 0.98236543
 0.17242062 0.071105085 0.9824537
 0.17242514 0.070738509 0.98247933
 0.1720721 0.070376381 0.98256725
 0.17207655 0.070009731 0.9825927
 0.17172337 0.069647454 0.98268014
 0.17172776 0.069280729 0.98270535
 0.17137444 0.068918325 0.98279256
 0.17137878 0.068551518 0.98281741
 0.1713831 0.068184674 0.98284215
 0.1710296 0.067822084 0.98292875
 0.17103387 0.067455173 0.98295331
 0.17068025 0.067092448 0.98303956
 0.17068447 0.066725463 0.98306388
 0.17068866 0.06635844 0.98308796
 0.17033486 0.065995544 0.98317379
 0.170339 0.065628439 0.98319763
 0.17034309 0.065261312 0.98322129
 0.17034718 0.064894162 0.9832449
 0.16999319 0.064531036 0.98333007
 0.16999722 0.064163812 0.98335338
 0.17000124 0.063796557 0.98337668
 0.17000523 0.063429281 0.98339969
 0.16965103 0.063065924 0.98348421
 0.16965497 0.062698573 0.98350704
 0.16965887 0.062331196 0.98352963
 0.16966276 0.061963793 0.98355228
 0.16966662 0.06159636 0.98357463
 0.16967048 0.061228912 0.98359698
 0.16931602 0.060865238 0.98368061
 0.16931982 0.060497716 0.98370266
 0.16932356 0.060130157 0.98372447
 0.16932732 0.059762586 0.98374629
 0.16933103 0.059394985 0.98376781
 0.16933475 0.059027363 0.98378938
 0.16933842 0.058659717 0.98381078
 0.16934207 0.058292046 0.983832
 0.16934569 0.057924341 0.98385298
 0.16934931 0.057556629 0.98387396
 0.1693529 0.057188891 0.98389488
 0.16935645 0.056821123 0.98391551
 0.16936 0.056453332 0.98393607
 0.16936351 0.056085519 0.98395652
 0.169367 0.055717688 0.98397684
 0.16937049 0.055349831 0.98399699
 0.16937391 0.054981947 0.98401695
 0.16937736 0.054614052 0.98403698
 0.16938075 0.054246128 0.98405671
 0.16938414 0.053878177 0.98407632
 0.16938749 0.053510211 0.98409581
 0.16939081 0.053142216 0.98411512
 0.16939414 0.052774206 0.98413438
 0.16975585 0.052402895 0.98409188
 0.16975912 0.052034862 0.98411083
 0.16976236 0.051666804 0.98412967
 0.16976559 0.051298734 0.98414838
 0.1697688 0.050930642 0.98416692
 0.16977198 0.050562527 0.9841854
 0.17013355 0.050191242 0.98414201
 0.17013669 0.049823105 0.98416013
 0.1701398 0.049454954 0.98417813
 0.17014289 0.049086776 0.98419607
 0.17050433 0.048715521 0.98415196
 0.17050739 0.048347332 0.9841696
 0.17051041 0.047979116 0.98418707
 0.17087175 0.047607891 0.98414248
 0.17087473 0.047239665 0.98415965
 0.1708777 0.04687142 0.98417675
 0.1712389 0.046500217 0.98413163
 0.1712418 0.046131954 0.98414838
 0.17124473 0.045763679 0.98416507
 0.17160581 0.045392506 0.98411936
 0.17160867 0.045024212 0.98413575
 0.17161152 0.0446559 0.98415208
 0.1719725 0.044284765 0.98410589
 0.1719753 0.043916442 0.98412192
 0.17233619 0.043545332 0.98407525
 0.17233893 0.043176994 0.98409098
 0.1726997 0.042805906 0.9840439
 0.17270245 0.042437565 0.98405945
 0.17306311 0.042066514 0.98401201
 0.17306577 0.041698147 0.98402715
 0.17342636 0.041327134 0.98397934
 0.17342898 0.040958762 0.98399425
 0.17378949 0.040587779 0.98394608
 0.17414987 0.040216811 0.98389751
 0.17415243 0.039848439 0.98391205
 0.17451274 0.039477516 0.98386323
 0.17487296 0.039106607 0.98381412
 0.17487547 0.038738236 0.98382819
 0.17523557 0.038367368 0.98377866
 0.1755956 0.037996523 0.98372883
 0.17595553 0.037625711 0.98367876
 0.17595798 0.037257351 0.98369241
 0.17631781 0.036886573 0.98364186
 0.17667758 0.036515824 0.98359126
 0.17703725 0.036145106 0.98354024
 0.17739682 0.03577441 0.98348898
 0.17775632 0.035403751 0.98343754
 0.17811574 0.035033118 0.98338574
 0.17847507 0.034662511 0.98333365
 0.17883432 0.034291942 0.98328143
 0.17919345 0.033921394 0.98322886
 0.17955253 0.033550885 0.98317611
 0.17991151 0.033180401 0.983123
 0.18027042 0.03280995 0.98306978
 0.18062922 0.032439534 0.98301619
 0.18098579 0.032437373 0.98295063
 0.18134442 0.032067005 0.98289663
 0.181703 0.03169667 0.9828425
 0.18206148 0.031326368 0.98278803
 0.18241777 0.031324264 0.98272198
 0.18277609 0.030954016 0.98266715
 0.18313432 0.030583799 0.98261201
 0.18349041 0.030581735 0.98254573
 0.18384847 0.030211573 0.98249012
 0.18420646 0.029841447 0.98243445
 0.18456234 0.029839421 0.98236775
 0.18492016 0.029469347 0.98231161
 0.1852759 0.029467339 0.98224467
 0.18563356 0.029097326 0.98218817
 0.18599112 0.028727343 0.98213136
 0.18634665 0.028725371 0.98206401
 0.18670405 0.028355449 0.98200685
 0.18705946 0.028353501 0.98193938
 0.18741475 0.028351545 0.98187166
 0.18777192 0.027981699 0.98181403
 0.1881271 0.027979763 0.98174608
 0.18848412 0.027609976 0.98168808
 0.18883912 0.027608057 0.98161983
 0.18919598 0.027238332 0.98156148
 0.18955083 0.027236432 0.98149306
 0.18990563 0.02723453 0.98142451
 0.19026227 0.026864886 0.98136568
 0.19061694 0.026863003 0.98129696
 0.19097149 0.026861114 0.98122793
 0.19132787 0.026491553 0.98116863
 0.19168232 0.026489688 0.98109955
 0.19203666 0.026487816 0.98103023
 0.19239281 0.026118336 0.98097032
 0.19274701 0.026116485 0.98090082
 0.19310115 0.026114631 0.98083121
 0.1934552 0.026112774 0.98076147
 0.19381104 0.025743403 0.98070109
 0.19416496 0.025741566 0.98063111
 0.19451879 0.025739726 0.98056096
 0.19487256 0.025737884 0.98049086
 0.19522624 0.025736038 0.98042047
 0.19557984 0.02573419 0.98035014
 0.1959352 0.025364971 0.98028874
 0.19628866 0.025363142 0.98021805
 0.19664204 0.025361311 0.98014724
 0.19699536 0.025359476 0.98007637
 0.19734858 0.025357639 0.98000538
 0.19770172 0.025355797 0.97993416
 0.19805481 0.025353955 0.97986299
 0.1984078 0.025352107 0.97979158
 0.19876073 0.02535026 0.97972018
 0.19911541 0.024981268 0.97965759
 0.19946817 0.024979439 0.97958583
 0.19982086 0.024977608 0.979514
 0.20017347 0.024975773 0.97944206
 0.20052601 0.024973936 0.97937006
 0.20087846 0.024972092 0.97929776
 0.20123085 0.02497025 0.97922552
 0.20158313 0.024968402 0.9791531
 0.20193538 0.024966555 0.97908062
 0.20228751 0.024964701 0.97900796
 0.20263958 0.024962846 0.97893518
 0.2029897 0.025327828 0.97885329
 0.20334159 0.025325941 0.97878027
 0.20369343 0.025324048 0.97870719
 0.20404516 0.025322152 0.97863388
 0.20439684 0.025320256 0.97856063
 0.20474842 0.025318354 0.97848707
 0.20509996 0.025316453 0.97841358
 0.20545137 0.025314545 0.97833985
 0.20580272 0.025312634 0.97826606
 0.20615207 0.025677303 0.97818303
 0.20650326 0.02567536 0.978109
 0.20685437 0.025673414 0.97803485
 0.2072054 0.025671463 0.97796053
 0.20755634 0.025669511 0.9778862
 0.20790523 0.02603399 0.9778024
 0.20825604 0.026032005 0.97772789
 0.20860673 0.026030015 0.97765315
 0.20895736 0.026028022 0.97757828
 0.20930591 0.026392339 0.977494
 0.20965636 0.026390312 0.9774189
 0.21000674 0.026388282 0.97734374
 0.21035498 0.026752463 0.97725892
 0.21070521 0.026750401 0.97718358
 0.21105535 0.026748335 0.97710812
 0.2114033 0.027112382 0.97702277
 0.21175328 0.027110282 0.97694707
 0.21210316 0.027108176 0.97687119
 0.21245086 0.027472094 0.97678554
 0.21280058 0.027469954 0.97670949
 0.21315022 0.02746781 0.97663331
 0.21349761 0.027831592 0.97654712
 0.21384709 0.027829416 0.97647071
 0.21419427 0.028193092 0.9763841
 0.21454358 0.028190881 0.97630751
 0.21489057 0.028554453 0.97622061
 0.21523972 0.028552206 0.97614384
 0.2155865 0.028915677 0.97605658
 0.21593545 0.028913392 0.97597945
 0.21628202 0.029276755 0.97589183
 0.21663085 0.029274438 0.97581464
 0.21697722 0.029637698 0.97572666
 0.21732347 0.030000884 0.97563851
 0.21767202 0.029998498 0.9755609
 0.21801808 0.030361578 0.97547239
 0.21836644 0.030359153 0.97539449
 0.2187123 0.03072213 0.97530568
 0.21905802 0.031085027 0.97521657
 0.21940611 0.031082533 0.97513831
 0.21975164 0.031445324 0.9750489
 0.22009705 0.031808048 0.97495925
 0.22044232 0.032170687 0.97486931
 0.22079009 0.032168094 0.97479069
 0.22113517 0.032530624 0.97470039
 0.2214801 0.032893088 0.97460991
 0.22182494 0.033255469 0.97451925
 0.22216967 0.033617776 0.97442836
 0.22251424 0.033980008 0.9743371
 0.22285871 0.034342162 0.97424567
 0.22320303 0.034704238 0.97415406
 0.22354725 0.035066232 0.97406209
 0.22389136 0.035428159 0.97397
 0.22423533 0.035790004 0.97387761
 0.22457919 0.036151771 0.97378504
 0.2249229 0.036513455 0.97369212
 0.22526649 0.036875069 0.97359914
 0.22560997 0.037236597 0.9735058
 0.22560687 0.037601143 0.97349244
 0.2259502 0.037962556 0.9733988
 0.22629341 0.038323883 0.97330499
 0.22663647 0.038685128 0.97321081
 0.22663327 0.039049532 0.97319704
 0.22697617 0.039410654 0.97310251
 0.22731894 0.039771695 0.97300786
 0.22731565 0.040135995 0.97299373
 0.22765827 0.040496904 0.9728986
 0.22800076 0.040857736 0.97280324
 0.22799735 0.04122192 0.97278869
 0.2283397 0.041582629 0.97269303
 0.22833623 0.04194675 0.9726783
 0.22867842 0.042307328 0.97258228
 0.22867487 0.042671386 0.9725672
 0.22901687 0.043031834 0.97247082
 0.22901325 0.043395825 0.97245544
 0.22935511 0.043756146 0.97235876
 0.22935145 0.044120073 0.97234321
 0.22969316 0.04448026 0.97224617
 0.2296894 0.044844121 0.97223026
 0.22968565 0.04520797 0.9722144
 0.23002714 0.045567974 0.97211683
 0.23002331 0.045931753 0.97210062
 0.23036465 0.046291631 0.97200274
 0.23036073 0.046655335 0.97198617
 0.2303568 0.047019031 0.9719696
 0.23069796 0.047378723 0.97187132
 0.23069395 0.047742348 0.97185439
 0.23068991 0.048105951 0.9718374
 0.23103084 0.048465461 0.97173858
 0.23102674 0.048829 0.97172135
 0.23102263 0.049192514 0.97170401
 0.23101847 0.049556013 0.97168654
 0.23135917 0.049915288 0.97158706
 0.23135494 0.050278712 0.9715693
 0.23135068 0.050642118 0.97155142
 0.23134641 0.051005509 0.97153354
 0.23134211 0.051368877 0.97151542
 0.23168251 0.051727857 0.97141516
 0.23167814 0.052091155 0.9713968
 0.23167372 0.052454427 0.97137827
 0.23166929 0.052817684 0.97135973
 0.23166481 0.053180914 0.97134089
 0.23166031 0.05354413 0.971322
 0.23165576 0.05390732 0.97130305
 0.23199587 0.054265905 0.9712019
 0.23199126 0.054629024 0.9711827
 0.23198663 0.054992121 0.97116321
 0.23198198 0.055355195 0.97114378
 0.23197727 0.055718247 0.97112411
 0.23197255 0.056081276 0.97110432
 0.23196779 0.056444284 0.97108442
 0.23196301 0.056807268 0.97106445
 0.23195821 0.057170231 0.9710443
 0.23195335 0.057533171 0.97102398
 0.23194849 0.057896089 0.97100359
 0.23194358 0.058258981 0.97098303
 0.23193863 0.058621854 0.97096235
 0.23193367 0.058984701 0.9709416
 0.23192868 0.059347525 0.97092068
 0.23157911 0.059715368 0.9709816
 0.23157404 0.06007817 0.97096032
 0.23156898 0.060440958 0.9709391
 0.23156385 0.060803715 0.97091764
 0.23155871 0.061166454 0.97089607
 0.23155354 0.061529167 0.97087437
 0.23154834 0.06189185 0.97085255
 0.23119853 0.062259763 0.97091246
 0.23119326 0.06262242 0.97089034
 0.23118798 0.06298507 0.97086817
 0.23118266 0.06334769 0.97084582
 0.23117732 0.06371028 0.97082335
 0.2308273 0.064078242 0.97088248
 0.23082191 0.064440817 0.97085977
 0.23081645 0.064803354 0.97083682
 0.230811 0.065165885 0.97081393
 0.23046084 0.065533884 0.97087234
 0.23045531 0.065896377 0.9708491
 0.23044977 0.066258855 0.97082573
 0.23009944 0.066626899 0.97088373
 0.23009385 0.066989347 0.97086012
 0.2300882 0.067351766 0.97083628
 0.22973773 0.06771984 0.97089368
 0.22973204 0.068082236 0.97086966
 0.22972634 0.068444617 0.97084564
 0.22937571 0.068812706 0.97090244
 0.22936994 0.069175065 0.97087806
 0.22901919 0.06954319 0.97093463
 0.22901337 0.069905512 0.97090989
 0.22866251 0.070273668 0.9709661
 0.22865663 0.070635967 0.97094113
 0.22830564 0.071004145 0.97099686
 0.22829972 0.071366422 0.9709717
 0.22794862 0.07173463 0.97102708
 0.22794263 0.072096869 0.97100157
 0.22759141 0.072465107 0.97105664
 0.22758538 0.072827324 0.97103095
 0.22723402 0.073195569 0.97108555
 0.22722794 0.073557764 0.97105956
 0.22687645 0.073926039 0.9711138
 0.22652489 0.074294329 0.97116774
 0.22651875 0.074656501 0.97114146
 0.22616705 0.075024813 0.97119504
 0.22581525 0.075393155 0.97124839
 0.22546335 0.075761512 0.97130144
 0.2254571 0.07612364 0.97127455
 0.22510511 0.076492026 0.9713273
 0.22475298 0.07686042 0.9713797
 0.22440077 0.077228837 0.97143191
 0.22404848 0.077597275 0.97148389
 0.22369605 0.077965729 0.97153556
 0.22334358 0.078334205 0.97158706
 0.22299097 0.078702703 0.97163826
 0.22263829 0.079071216 0.97168928
 0.22228551 0.079439737 0.97173989
 0.22193262 0.07980828 0.97179037
 0.22157964 0.080176853 0.97184056
 0.22122659 0.080545425 0.97189057
 0.22087342 0.080914021 0.97194022
 0.2205267 0.08092054 0.97201848
 0.22017336 0.081289172 0.97206783
 0.21981992 0.081657812 0.97211683
 0.2194664 0.082026482 0.9721657
 0.21911278 0.082395159 0.97221428
 0.21876568 0.082401738 0.97229195
 0.21841191 0.082770452 0.97234017
 0.21805802 0.083139181 0.97238803
 0.21771069 0.08314579 0.9724654
 0.21735665 0.083514549 0.97251296
 0.21700913 0.083521165 0.97258997
 0.21665494 0.083889961 0.97263724
 0.21630064 0.084258765 0.97268414
 0.2159529 0.084265411 0.97276086
 0.21559845 0.084634244 0.97280741
 0.21525057 0.084640898 0.97288394
 0.21489595 0.085009776 0.97293019
 0.21454792 0.085016429 0.97300637
 0.21419312 0.08538533 0.9730522
 0.21384494 0.085392006 0.97312826
 0.21348999 0.085760936 0.97317374
 0.21314165 0.085767612 0.97324955
 0.21279322 0.08577428 0.97332519
 0.21243803 0.086143255 0.97337013
 0.21208946 0.086149938 0.97344559
 0.21174078 0.086156592 0.97352082
 0.21138537 0.086525626 0.97356534
 0.21103658 0.086532302 0.9736405
 0.21068099 0.086901344 0.97368455
 0.21033204 0.08690802 0.97375941
 0.20998298 0.086914696 0.9738341
 0.20963386 0.086921349 0.97390872
 0.20927799 0.087290473 0.97395229
 0.20892872 0.087297142 0.97402668
 0.20857938 0.087303802 0.97410101
 0.20822993 0.087310441 0.9741751
 0.20787378 0.087679632 0.97421807
 0.20752418 0.087686278 0.97429198
 0.20717451 0.087692924 0.97436577
 0.20682476 0.087699555 0.97443944
 0.20647494 0.087706171 0.97451299
 0.20611843 0.088075429 0.97455525
 0.20576847 0.08808206 0.97462863
 0.20541842 0.088088684 0.97470188
 0.20506828 0.088095285 0.97477496
 0.20471807 0.088101886 0.97484797
 0.20436779 0.088108473 0.97492087
 0.20401742 0.088115044 0.97499359
 0.2036604 0.088484414 0.97503483
 0.20330989 0.088491 0.97510737
 0.2029593 0.088497572 0.97517985
 0.20260863 0.088504136 0.97525215
 0.2022579 0.088510692 0.97532439
 0.20190705 0.088517226 0.97539639
 0.20155616 0.08852376 0.9754684
 0.20120519 0.088530287 0.97554034
 0.20085412 0.088536792 0.97561204
 0.20050299 0.088543296 0.97568363
 0.20015179 0.088549778 0.97575516
 0.19980049 0.08855626 0.97582656
 0.19944912 0.088562727 0.97589785
 0.19909768 0.088569194 0.97596902
 0.19874616 0.088575639 0.97604012
 0.19839458 0.088582084 0.97611111