 -0.16359276 0.059085418 0.98475701
 -0.16395569 0.058713861 0.98471886
 -0.164315 0.058710303 0.98465919
 -0.16467425 0.058706738 0.98459935
 -0.16503341 0.058703166 0.98453945
 -0.16539253 0.058699582 0.98447937
 -0.16575159 0.058695994 0.98441923
 -0.16611058 0.058692399 0.98435891
 -0.16646948 0.058688797 0.98429853
 -0.16682833 0.058685187 0.98423797
 -0.16719072 0.058313765 0.98419851
 -0.16754945 0.058310162 0.98413777
 -0.16790812 0.058306552 0.98407686
 -0.1682667 0.058302935 0.98401582
 -0.16862524 0.058299314 0.98395461
 -0.16898368 0.058295682 0.98389333
 -0.16934571 0.057924345 0.98385304
 -0.16970403 0.057920724 0.98379153
 -0.1700623 0.057917092 0.98372984
 -0.1704205 0.057913456 0.98366809
 -0.17077863 0.057909813 0.98360616
 -0.17114033 0.057538558 0.98356509
 -0.17149833 0.057534922 0.98350292
 -0.17185625 0.057531279 0.9834407
 -0.17221412 0.057527628 0.98337829
 -0.17257558 0.05715644 0.98333657
 -0.1729333 0.057152797 0.98327392
 -0.17329097 0.057149149 0.98321116
 -0.17364857 0.057145495 0.98314828
 -0.17400976 0.05677437 0.98310596
 -0.17436722 0.056770723 0.98304278
 -0.17472462 0.056767073 0.98297954
 -0.17508194 0.056763411 0.98291618
 -0.17544286 0.056392349 0.9828732
 -0.17580006 0.056388699 0.98280954
 -0.17615719 0.05638504 0.98274583
 -0.1765179 0.056014031 0.98270231
 -0.17687491 0.056010384 0.98263836
 -0.17723182 0.05600673 0.98257422
 -0.17759234 0.055635776 0.98253024
 -0.17794913 0.055632129 0.98246586
 -0.17830585 0.055628479 0.98240137
 -0.17866616 0.055257574 0.98235685
 -0.17902274 0.05525393 0.98229218
 -0.17938289 0.054883063 0.98224723
 -0.17973936 0.054879434 0.98218226
 -0.18009575 0.054875799 0.98211718
 -0.18045568 0.054504983 0.98207176
 -0.18081194 0.054501358 0.98200643
 -0.18117173 0.05413058 0.98196065
 -0.18152785 0.054126967 0.98189509
 -0.18188389 0.054123346 0.98182935
 -0.18224348 0.05375262 0.98178303
 -0.1825994 0.05374901 0.98171711
 -0.18295883 0.053378329 0.98167044
 -0.18331459 0.05337473 0.98160422
 -0.18367389 0.05300409 0.98155719
 -0.18402952 0.053000502 0.98149073
 -0.18438865 0.052629896 0.98144329
 -0.18474415 0.052626319 0.98137665
 -0.18510313 0.052255757 0.98132879
 -0.1854585 0.052252196 0.98126185
 -0.18581733 0.051881671 0.98121363
 -0.18617254 0.051878121 0.98114651
 -0.18653125 0.051507637 0.98109788
 -0.18688631 0.051504098 0.98103052
 -0.18724483 0.051133659 0.98098153
 -0.18759978 0.051130135 0.98091388
 -0.18795817 0.05075974 0.98086452
 -0.18831646 0.050389364 0.98081487
 -0.18867119 0.050385874 0.98074687
 -0.18902934 0.050015539 0.98069686
 -0.18938389 0.05001206 0.98062867
 -0.18974189 0.049641773 0.98057824
 -0.19009979 0.049271513 0.98052758
 -0.19045417 0.049268067 0.98045903
 -0.1908119 0.048897848 0.98040801
 -0.19116955 0.048527658 0.98035669
 -0.19152372 0.048524242 0.98028773
 -0.19188121 0.048154097 0.98023611
 -0.19223861 0.047783978 0.9801842
 -0.19259258 0.047780596 0.98011488
 -0.19294982 0.047410525 0.98006254
 -0.19330697 0.047040481 0.98001003
 -0.19366404 0.046670463 0.97995722
 -0.19401771 0.04666714 0.97988737
 -0.19437461 0.046297166 0.9798342
 -0.19473143 0.045927223 0.97978079
 -0.19508816 0.045557309 0.97972709
 -0.19544478 0.045187421 0.97967315
 -0.1957981 0.045184173 0.97960275
 -0.19615456 0.044814337 0.97954839
 -0.19651096 0.044444531 0.9794938
 -0.19686724 0.044074755 0.97943896
 -0.19722342 0.043705005 0.97938389
 -0.19757953 0.043335289 0.97932851
 -0.19793554 0.042965602 0.97927296
 -0.19829147 0.042595942 0.97921705
 -0.19864729 0.042226318 0.97916096
 -0.19900301 0.041856721 0.97910458
 -0.19935559 0.041853663 0.97903299
 -0.19971116 0.041484118 0.97897625
 -0.19971418 0.041117627 0.97899109
 -0.20006964 0.040748127 0.97893399
 -0.20042498 0.04037866 0.97887659
 -0.20078024 0.040009223 0.97881895
 -0.20113541 0.039639823 0.97876108
 -0.20149046 0.039270457 0.9787029
 -0.20184544 0.03890112 0.97864455
 -0.20220031 0.038531817 0.9785859
 -0.20255509 0.038162552 0.97852701
 -0.20290977 0.03779332 0.97846782
 -0.20326434 0.037424121 0.9784084
 -0.20326713 0.037057728 0.97842181
 -0.20362158 0.036688577 0.97836202
 -0.20397596 0.036319457 0.97830194
 -0.20433022 0.035950381 0.97824162
 -0.2043329 0.035584006 0.9782545
 -0.20468706 0.035214975 0.97819382
 -0.20504111 0.034845982 0.97813284
 -0.20539504 0.034477029 0.97807169
 -0.20539764 0.03411068 0.97808397
 -0.20575146 0.033741772 0.9780224
 -0.20610519 0.033372905 0.97796059
 -0.20645882 0.033004075 0.97789848
 -0.20646131 0.032637753 0.97791028
 -0.20681481 0.032268979 0.97784781
 -0.20716822 0.031900238 0.97778511
 -0.20717064 0.031533934 0.97779649
 -0.2075239 0.031165252 0.97773337
 -0.20752627 0.030798951 0.97774446
 -0.20787942 0.030430321 0.97768098
 -0.20823248 0.030061731 0.97761726
 -0.20823476 0.029695449 0.97762799
 -0.20858769 0.029326916 0.97756386
 -0.20858993 0.02896064 0.97757429
 -0.20894273 0.028592162 0.9775098
 -0.20929544 0.028223727 0.97744507
 -0.20929758 0.027857471 0.97745508
 -0.20965014 0.027489092 0.97738999
 -0.20965225 0.027122844 0.97739977
 -0.21000469 0.026754525 0.97733426
 -0.21000674 0.026388282 0.97734374
 -0.21035907 0.026020024 0.97727787
 -0.21036105 0.025653787 0.97728711
 -0.21071325 0.025285589 0.97722083
 -0.21071519 0.024919361 0.97722983
 -0.2107171 0.024553122 0.97723871
 -0.21106914 0.024185004 0.9771719
 -0.21107098 0.023818774 0.97718048
 -0.21142289 0.023450719 0.97711331
 -0.21142469 0.023084499 0.97712165
 -0.21177647 0.022716507 0.97705406
 -0.21177822 0.022350296 0.97706217
 -0.21177994 0.021984078 0.97707009
 -0.21213156 0.02161617 0.97700202
 -0.21213323 0.021249959 0.97700971
 -0.21248472 0.020882118 0.97694123
 -0.21248633 0.020515921 0.97694862
 -0.21248792 0.020149717 0.97695595
 -0.21283925 0.01978196 0.97688693
 -0.21284078 0.019415768 0.97689396
 -0.21284227 0.019049566 0.97690088
 -0.21319346 0.018681901 0.97683138
 -0.21319489 0.018315714 0.97683799
 -0.21319632 0.017949518 0.97684449
 -0.21354732 0.01758194 0.97677451
 -0.21354868 0.01721576 0.97678071
 -0.21355002 0.016849572 0.97678679
 -0.21390086 0.016482089 0.97671634
 -0.21390215 0.016115915 0.97672212
 -0.2139034 0.015749736 0.97672784
 -0.21390462 0.015383552 0.97673339
 -0.21425529 0.015016183 0.97666228
 -0.21425645 0.014650013 0.97666758
 -0.21425758 0.014283839 0.97667277
 -0.21425869 0.013917658 0.97667778
 -0.21460918 0.013550408 0.97660601
 -0.21461022 0.013184246 0.97661078
 -0.21461125 0.012818078 0.97661543
 -0.21461223 0.012451904 0.97661996
 -0.2146132 0.012085726 0.97662437
 -0.21496347 0.011718621 0.97655177
 -0.21496437 0.011352463 0.97655588
 -0.21496525 0.010986299 0.97655988
 -0.2149661 0.01062013 0.97656375
 -0.21496692 0.010253958 0.97656751
 -0.21496771 0.0098877829 0.97657108
 -0.21531774 0.009520852 0.97649765
 -0.21531847 0.0091546969 0.97650099
 -0.21531917 0.0087885372 0.97650421
 -0.21531986 0.0084223747 0.97650725
 -0.21532051 0.0080562094 0.97651023
 -0.21532112 0.0076900399 0.97651303
 -0.21496849 -0.0095216027 0.9765746
 -0.21496771 -0.0098877829 0.97657108
 -0.21496692 -0.010253958 0.97656751
 -0.2149661 -0.01062013 0.97656375
 -0.21496525 -0.010986299 0.97655988
 -0.21496437 -0.011352463 0.97655588
 -0.21461414 -0.011719543 0.9766286
 -0.2146132 -0.012085726 0.97662437
 -0.21461223 -0.012451904 0.97661996
 -0.21461125 -0.012818078 0.97661543
 -0.21461022 -0.013184246 0.97661078
 -0.21425977 -0.013551473 0.97668272
 -0.21425869 -0.013917658 0.97667778
 -0.21425758 -0.014283839 0.97667277
 -0.21425645 -0.014650013 0.97666758
 -0.21390581 -0.01501736 0.97673887
 -0.21390462 -0.015383552 0.97673339
 -0.2139034 -0.015749736 0.97672784
 -0.21390215 -0.016115915 0.97672212
 -0.21355131 -0.01648338 0.97679275
 -0.21355002 -0.016849572 0.97678679
 -0.21354868 -0.01721576 0.97678071
 -0.21354732 -0.01758194 0.97677451
 -0.21319632 -0.017949518 0.97684449
 -0.21319489 -0.018315714 0.97683799
 -0.21319346 -0.018681901 0.97683138
 -0.21284227 -0.019049566 0.97690088
 -0.21284078 -0.019415768 0.97689396
 -0.21248947 -0.019783502 0.97696304
 -0.21248792 -0.020149717 0.97695595
 -0.21248633 -0.020515921 0.97694862
 -0.21213487 -0.020883745 0.97701722
 -0.21213323 -0.021249959 0.97700971
 -0.21213156 -0.02161617 0.97700202
 -0.21177994 -0.021984078 0.97707009
 -0.21177822 -0.022350296 0.97706217
 -0.21142647 -0.022718269 0.97712982
 -0.21142469 -0.023084499 0.97712165
 -0.21107282 -0.023452535 0.97718894
 -0.21107098 -0.023818774 0.97718048
 -0.21106914 -0.024185004 0.9771719
 -0.2107171 -0.024553122 0.97723871
 -0.21071519 -0.024919361 0.97722983
 -0.21036302 -0.025287541 0.97729623
 -0.21036105 -0.025653787 0.97728711
 -0.21000876 -0.026022028 0.97735316
 -0.21000674 -0.026388282 0.97734374
 -0.20965432 -0.026756583 0.97740942
 -0.20965225 -0.027122844 0.97739977
 -0.2092997 -0.027491203 0.97746503
 -0.20929758 -0.027857471 0.97745508
 -0.2089449 -0.028225891 0.97751999
 -0.20859212 -0.02859435 0.9775846
 -0.20858993 -0.02896064 0.97757429
 -0.20823701 -0.029329157 0.97763854
 -0.20823476 -0.029695449 0.97762799
 -0.20788172 -0.030064026 0.97769183
 -0.20787942 -0.030430321 0.97768098
 -0.20752627 -0.030798951 0.97774446
 -0.20717302 -0.031167621 0.9778077
 -0.20717064 -0.031533934 0.97779649
 -0.20681725 -0.03190266 0.97785932
 -0.20646377 -0.032271422 0.9779219
 -0.20646131 -0.032637753 0.97791028
 -0.20610771 -0.033006571 0.97797251
 -0.205754 -0.033375427 0.97803444
 -0.20575146 -0.033741772 0.9780224
 -0.20539764 -0.03411068 0.97808397
 -0.20504372 -0.034479622 0.9781453
 -0.20468968 -0.034848601 0.9782064
 -0.20468706 -0.035214975 0.97819382
 -0.2043329 -0.035584006 0.9782545
 -0.20397866 -0.035953075 0.97831494
 -0.20362431 -0.036322173 0.97837508
 -0.20326987 -0.036691315 0.97843504
 -0.20326713 -0.037057728 0.97842181
 -0.20291257 -0.037426911 0.97848135
 -0.20255791 -0.037796129 0.9785406
 -0.20220315 -0.038165387 0.97859967
 -0.2018483 -0.038534675 0.97865844
 -0.20149335 -0.038903996 0.97871697
 -0.20113832 -0.039273359 0.97877526
 -0.20078318 -0.039642747 0.97883326
 -0.20078024 -0.040009223 0.97881895
 -0.20042498 -0.04037866 0.97887659
 -0.20006964 -0.040748127 0.97893399
 -0.19971418 -0.041117627 0.97899109
 -0.19935864 -0.041487157 0.97904795
 -0.19900301 -0.041856721 0.97910458
 -0.19864729 -0.042226318 0.97916096
 -0.19829455 -0.042229395 0.97923231
 -0.19793865 -0.042599041 0.97928834
 -0.19758266 -0.04296872 0.97934407
 -0.19722657 -0.043338429 0.97939956
 -0.19687042 -0.043708168 0.97945476
 -0.19651414 -0.04407794 0.97950971
 -0.19615778 -0.044447739 0.97956443
 -0.19580133 -0.044817567 0.97961891
 -0.19544801 -0.044820786 0.9796893
 -0.19509141 -0.045190662 0.97974342
 -0.19473471 -0.045560572 0.97979724
 -0.19437791 -0.045930509 0.97985083
 -0.19402102 -0.046300471 0.97990412
 -0.19366735 -0.046303768 0.97997391
 -0.19331029 -0.046673782 0.9800269
 -0.19295317 -0.047043819 0.98007959
 -0.19259594 -0.047413886 0.98013198
 -0.19224198 -0.047417238 0.9802013
 -0.19188459 -0.04778735 0.9802534
 -0.19152711 -0.048157491 0.98030519
 -0.19117294 -0.048160881 0.98037416
 -0.19081533 -0.048531063 0.98042554
 -0.1904576 -0.048901275 0.98047668
 -0.19010322 -0.048904695 0.98054528
 -0.18974534 -0.049274955 0.98059607
 -0.18938737 -0.049645234 0.98064661
 -0.18903279 -0.049648691 0.98071486
 -0.18867467 -0.050019015 0.98076499
 -0.18831994 -0.050022483 0.98083299
 -0.18796165 -0.050392851 0.98088276
 -0.18760329 -0.050763246 0.98093224
 -0.18724835 -0.050766744 0.98099989
 -0.18688984 -0.051137179 0.981049
 -0.18653476 -0.051140692 0.98111641
 -0.18617609 -0.051511168 0.98116517
 -0.18582086 -0.051514696 0.98123229
 -0.18546204 -0.051885217 0.98128068
 -0.18510668 -0.051888753 0.98134756
 -0.18474773 -0.052259315 0.98139554
 -0.18439221 -0.052262865 0.98146224
 -0.1840331 -0.052633464 0.9815098
 -0.18367745 -0.052637026 0.98157626
 -0.18331818 -0.05300767 0.98162347
 -0.18296242 -0.053011242 0.98168963
 -0.18260299 -0.05338192 0.98173648
 -0.18224707 -0.053385507 0.9818024
 -0.18188751 -0.053756226 0.9818489
 -0.18153146 -0.053759821 0.98191458
 -0.18117173 -0.05413058 0.98196065
 -0.18081556 -0.05413419 0.9820261
 -0.18045931 -0.054137792 0.98209143
 -0.18009937 -0.054508604 0.98213696
 -0.17974298 -0.054512214 0.98220205
 -0.17938651 -0.05451582 0.98226702
 -0.17902637 -0.054886688 0.98231208
 -0.17866978 -0.054890301 0.98237681
 -0.1783095 -0.055261206 0.98242146
 -0.17795277 -0.055264831 0.98248595
 -0.17759596 -0.055268452 0.98255026
 -0.17723547 -0.055639412 0.98259443
 -0.17687854 -0.055643041 0.98265857
 -0.17652154 -0.055646665 0.98272252
 -0.17616084 -0.056017675 0.98276621
 -0.17580371 -0.056021307 0.98282993
 -0.1754465 -0.056024931 0.98289353
 -0.17508559 -0.056395993 0.98293668
 -0.17472826 -0.056399629 0.98300004
 -0.17437086 -0.056403257 0.98306334
 -0.17401338 -0.056406878 0.98312646
 -0.17365222 -0.056778006 0.98316896
 -0.1732946 -0.056781638 0.98323184
 -0.17293693 -0.056785263 0.98329461
 -0.1725792 -0.05678888 0.98335725
 -0.17221777 -0.057160072 0.98339909
 -0.17185989 -0.0571637 0.9834615
 -0.17150195 -0.057167318 0.98352373
 -0.17114395 -0.057170931 0.98358589
 -0.17078227 -0.057542186 0.98362714
 -0.17042413 -0.057545807 0.98368901
 -0.17006592 -0.057549421 0.98375082
 -0.16970766 -0.057553027 0.98381245
 -0.16934931 -0.057556629 0.98387402
 -0.1689873 -0.057927962 0.98391443
 -0.16862884 -0.057931568 0.98397571
 -0.16827032 -0.057935171 0.98403692
 -0.16791171 -0.057938766 0.98409796
 -0.16755304 -0.057942349 0.98415887
 -0.16719431 -0.057945929 0.98421967
 -0.16683552 -0.057949502 0.98428035
 -0.16647309 -0.058320947 0.98431975
 -0.16611415 -0.058324527 0.98438019
 -0.16575517 -0.0583281 0.98444051
 -0.16539611 -0.058331665 0.98450065
 -0.16503699 -0.058335222 0.98456073
 -0.16467781 -0.058338773 0.98462063
 -0.16431856 -0.058342319 0.98468047
 -0.16395923 -0.058345854 0.98474014
 -0.16359985 -0.058349382 0.98479968
 -0.16323687 -0.058720957 0.98483783
 -0.16287737 -0.058724493 0.98489714
 -0.1625178 -0.058728021 0.98495632
 -0.16215816 -0.058731545 0.98501539
 -0.16179846 -0.058735058 0.98507434
 -0.16143869 -0.058738563 0.98513317
 -0.16107886 -0.058742065 0.98519182
 -0.16071896 -0.058745556 0.98525041
 -0.16035903 -0.058749039 0.98530883
 -0.159999 -0.058752518 0.98536718
 -0.15963891 -0.058755986 0.98542535
 -0.15927877 -0.058759451 0.98548341
 -0.15891854 -0.058762904 0.9855414
 -0.15855826 -0.058766354 0.98559922
 -0.15819794 -0.058769792 0.98565692
 -0.15783753 -0.058773227 0.9857145
 -0.15747707 -0.058776651 0.98577189
 -0.15711653 -0.058780067 0.98582923
 -0.15675594 -0.058783479 0.98588645
 -0.1563953 -0.05878688 0.9859435
 -0.15603457 -0.058790278 0.98600048
 -0.1556738 -0.058793664 0.98605728
 -0.15531296 -0.058797047 0.98611397
 -0.15495205 -0.058800418 0.98617059
 -0.15459108 -0.058803786 0.98622704
 -0.15423006 -0.058807142 0.9862833
 -0.15386897 -0.058810495 0.98633951
 -0.15350781 -0.058813836 0.9863956
 -0.15314992 -0.058448523 0.98647296
 -0.15278864 -0.058451831 0.98652875
 -0.1524273 -0.058455132 0.98658448
 -0.1520659 -0.058458425 0.98664004
 -0.15170443 -0.058461707 0.98669547
 -0.1513429 -0.058464985 0.98675084
 -0.15098132 -0.058468256 0.98680604
 -0.15061967 -0.05847152 0.98686111
 -0.15025797 -0.058474775 0.98691601
 -0.14989944 -0.058109161 0.98699212
 -0.14953759 -0.058112379 0.98704684
 -0.1491757 -0.058115594 0.98710144
 -0.14881374 -0.058118798 0.98715585
 -0.14845172 -0.058121998 0.98721015
 -0.14808966 -0.058125187 0.98726434
 -0.14773069 -0.057759367 0.98733962
 -0.14736849 -0.057762522 0.98739356
 -0.14700623 -0.05776567 0.98744738
 -0.14664391 -0.057768811 0.98750103
 -0.14628153 -0.057771944 0.98755461
 -0.14592221 -0.057405941 0.98762912
 -0.1455597 -0.057409041 0.9876824
 -0.14519714 -0.057412133 0.98773563
 -0.14483452 -0.057415217 0.98778868
 -0.14447182 -0.057418294 0.98784161
 -0.14411215 -0.057052113 0.98791534
 -0.14374936 -0.057055157 0.98796803
 -0.14338648 -0.057058189 0.9880206
 -0.14302357 -0.057061218 0.98807299
 -0.1426636 -0.056694884 0.98814613
 -0.14230055 -0.056697875 0.98819834
 -0.14193746 -0.056700863 0.98825037
 -0.14157727 -0.05633441 0.98832297
 -0.14121404 -0.056337364 0.98837477
 -0.14085077 -0.056340307 0.98842645
 -0.14049035 -0.055973731 0.98849857
 -0.14012696 -0.055976644 0.98854995
 -0.1397635 -0.055979546 0.98860127
 -0.13939999 -0.055982444 0.98865241
 -0.13903929 -0.055615719 0.98872393
 -0.13867566 -0.05561858 0.98877484
 -0.13831481 -0.055251766 0.98884594
 -0.13795108 -0.055254597 0.98889655
 -0.13758726 -0.055257417 0.98894709
 -0.13722621 -0.054890484 0.98901772
 -0.13686228 -0.054893274 0.98906797
 -0.1364983 -0.054896057 0.9891181
 -0.13613702 -0.054529 0.98918819
 -0.13577293 -0.054531753 0.98923808
 -0.13541152 -0.0541646 0.98930782
 -0.13504729 -0.054167319 0.98935741
 -0.13468571 -0.05380008 0.98942673
 -0.13432138 -0.053802766 0.98947614
 -0.133957 -0.053805444 0.98952538
 -0.13359523 -0.05343809 0.98959422
 -0.13323072 -0.053440735 0.98964322
 -0.13286878 -0.053073283 0.98971164
 -0.13250417 -0.053075898 0.9897604
 -0.13214208 -0.052708361 0.98982841
 -0.13177738 -0.052710947 0.98987693
 -0.13141514 -0.05234332 0.98994458
 -0.1310503 -0.052345868 0.9899928
 -0.13068792 -0.051978152 0.99006009
 -0.13032296 -0.051980671 0.99010801
 -0.12996045 -0.051612869 0.99017495
 -0.1295954 -0.051615354 0.99022263
 -0.12923273 -0.051247463 0.99028915
 -0.12887 -0.050879508 0.99035537
 -0.12850475 -0.050881941 0.9904027
 -0.12814187 -0.050513897 0.99046856
 -0.12777652 -0.050516296 0.99051565
 -0.1274135 -0.05014817 0.9905811
 -0.1270504 -0.049779978 0.9906463
 -0.12668487 -0.049782325 0.99069303
 -0.12632163 -0.049414046 0.99075782
 -0.12595829 -0.049045708 0.99082237
 -0.12559262 -0.049047999 0.99086869
 -0.12522915 -0.048679579 0.99093288
 -0.1248656 -0.048311092 0.99099678
 -0.12449974 -0.048313331 0.99104267
 -0.12413605 -0.047944762 0.99110621
 -0.12377229 -0.047576137 0.99116945
 -0.12340627 -0.04757832 0.99121499
 -0.12304236 -0.047209609 0.99127787
 -0.12267838 -0.046840835 0.99134046
 -0.12231432 -0.046472006 0.9914028
 -0.12194809 -0.046474118 0.99144787
 -0.12158389 -0.046105206 0.9915098
 -0.12121961 -0.045736235 0.99157149
 -0.12085526 -0.045367204 0.99163288
 -0.12049083 -0.044998121 0.99169409
 -0.12012432 -0.045000132 0.99173844
 -0.11975976 -0.044630967 0.99179924
 -0.11939511 -0.044261739 0.99185973
 -0.11903039 -0.043892458 0.99191999
 -0.11866561 -0.043523122 0.99197996
 -0.11830073 -0.043153726 0.99203968
 -0.11793578 -0.042784274 0.99209911
 -0.11757076 -0.04241477 0.99215829
 -0.11720566 -0.042045202 0.99221724
 -0.11684048 -0.041675586 0.99227589
 -0.11647524 -0.041305915 0.99233431
 -0.11610992 -0.040936191 0.99239242
 -0.11574452 -0.040566403 0.9924503
 -0.11537904 -0.040196571 0.99250787
 -0.1150135 -0.03982668 0.99256521
 -0.11464788 -0.039456736 0.99262232
 -0.11428218 -0.03908674 0.99267912
 -0.11391641 -0.038716692 0.99273562
 -0.11355058 -0.038346585 0.99279195
 -0.11355219 -0.037974831 0.99280602
 -0.11318626 -0.037604645 0.99286193
 -0.11282025 -0.037234407 0.99291754
 -0.11245418 -0.036864117 0.99297285
 -0.11208802 -0.036493778 0.99302793
 -0.11208954 -0.036121879 0.99304134
 -0.1117233 -0.035751455 0.99309605
 -0.111357 -0.035380986 0.99315047
 -0.11099061 -0.035010461 0.99320459
 -0.11099205 -0.034638461 0.99321747
 -0.11062558 -0.034267858 0.99327123
 -0.11025904 -0.033897206 0.9933247
 -0.10989243 -0.033526506 0.99337786
 -0.10989379 -0.033154398 0.9933902
 -0.1095271 -0.03278362 0.99344301
 -0.10916033 -0.032412793 0.99349558
 -0.10916164 -0.032040615 0.9935075
 -0.10879478 -0.031669714 0.9935596
 -0.10842786 -0.031298764 0.99361151
 -0.10842911 -0.030926516 0.99362302
 -0.1080621 -0.03055549 0.99367446
 -0.10806333 -0.030183204 0.99368572
 -0.10769622 -0.029812103 0.99373674
 -0.10732906 -0.029440956 0.99378753
 -0.10733023 -0.029068602 0.99379838
 -0.10696297 -0.028697385 0.9938488
 -0.10696411 -0.028324991 0.99385935
 -0.10659677 -0.027953699 0.9939093
 -0.10659788 -0.027581269 0.99391961
 -0.10623046 -0.027209906 0.99396914
 -0.10623153 -0.026837438 0.99397916
 -0.10586402 -0.026466005 0.99402833
 -0.10586505 -0.0260935 0.99403811
 -0.10549746 -0.025721997 0.99408686
 -0.10549847 -0.025349455 0.99409634
 -0.1051308 -0.024977885 0.99414468
 -0.10513178 -0.024605308 0.99415386
 -0.10476401 -0.024233669 0.99420178
 -0.10476495 -0.023861058 0.99421072
 -0.10439711 -0.02348935 0.99425828
 -0.10439802 -0.023116706 0.99426693
 -0.10439891 -0.02274405 0.99427539
 -0.10403098 -0.022372255 0.99432242
 -0.10403185 -0.021999566 0.99433064
 -0.10366382 -0.021627704 0.9943772
 -0.10366465 -0.021254983 0.99438518
 -0.10366546 -0.020882253 0.99439299
 -0.10329735 -0.020510307 0.99443901
 -0.10329814 -0.020137543 0.99444658
 -0.10292994 -0.019765532 0.99449223
 -0.10293069 -0.01939274 0.99449944
 -0.10293143 -0.019019939 0.9945066
 -0.10256314 -0.018647844 0.99455166
 -0.10256385 -0.018275013 0.99455851
 -0.10256454 -0.017902173 0.99456525
 -0.10219616 -0.017529998 0.99460977
 -0.10219682 -0.01715713 0.99461621
 -0.10219747 -0.016784256 0.99462253
 -0.1021981 -0.016411373 0.99462867
 -0.1018296 -0.016039094 0.99467254
 -0.10183021 -0.015666185 0.99467844
 -0.1018308 -0.015293269 0.99468416
 -0.1014622 -0.014920912 0.99472749
 -0.10146276 -0.014547969 0.99473298
 -0.1014633 -0.014175021 0.99473828
 -0.10146383 -0.013802066 0.99474347
 -0.10146435 -0.013429105 0.99474853
 -0.10109564 -0.013056632 0.99479103
 -0.10109612 -0.012683647 0.9947958
 -0.1010966 -0.012310656 0.99480045
 -0.10109705 -0.011937659 0.99480492
 -0.10072824 -0.011565094 0.99484676
 -0.10072866 -0.011192074 0.99485099
 -0.10072908 -0.010819049 0.99485505
 -0.10072947 -0.010446019 0.99485904
 -0.10072986 -0.010072986 0.99486279
 -0.10073023 -0.0096999481 0.99486649
 -0.10036127 -0.0093272571 0.99490732
 -0.10036162 -0.0089541962 0.99491072
 -0.10036194 -0.0085811326 0.994914
 -0.10036226 -0.0082080662 0.99491709
 -0.10036256 -0.0078349961 0.99492007
 -0.10036284 -0.0074619218 0.99492294
 -0.10036312 -0.0070888451 0.99492562
 -0.099994019 -0.0067160162 0.99496537
 -0.099994265 -0.0063429195 0.99496782
 -0.099994496 -0.0059698205 0.99497008
 -0.099994712 -0.0055967192 0.99497223
 -0.099994913 -0.0052236146 0.99497426
 -0.099995099 -0.0048505086 0.9949761
 -0.099995278 -0.0044773999 0.99497783
 -0.099995434 -0.0041042902 0.99497944
 -0.099995583 -0.0037311784 0.99498087
 -0.099995717 -0.0033580649 0.99498218
 -0.099995829 -0.0029849501 0.99498338
 -0.099995933 -0.0026118341 0.99498439
 -0.09999603 -0.0022387169 0.99498534
 -0.099996105 -0.0018655988 0.99498606
 -0.099996164 -0.00149248 0.99498671
 -0.099996217 -0.0011193606 0.99498719
 -0.099996246 -0.00074624066 0.99498755
 -0.099996269 -0.00037312042 0.99498773
 -0.099996276 0 0.99498779
 -0.099996269 0.00037312042 0.99498773
 -0.099996246 0.00074624066 0.99498755
 -0.099996217 0.0011193606 0.99498719
 -0.099996164 0.00149248 0.99498671
 -0.099996105 0.0018655988 0.99498606
 -0.09999603 0.0022387169 0.99498534
 -0.099995933 0.0026118341 0.99498439
 -0.099995829 0.0029849501 0.99498338
 -0.099995717 0.0033580649 0.99498218
 -0.099995583 0.0037311784 0.99498087
 -0.099995434 0.0041042902 0.99497944
 -0.099995278 0.0044773999 0.99497783
 -0.099995099 0.0048505086 0.9949761
 -0.099994913 0.0052236146 0.99497426
 -0.099994712 0.0055967192 0.99497223
 -0.099994496 0.0059698205 0.99497008
 -0.099994265 0.0063429195 0.99496782
 -0.099994019 0.0067160162 0.99496537
 -0.099993765 0.0070891101 0.99496281
 -0.10036284 0.0074619218 0.99492294
 -0.10036256 0.0078349961 0.99492007
 -0.10036226 0.0082080662 0.99491709
 -0.10036194 0.0085811326 0.994914
 -0.10036162 0.0089541962 0.99491072
 -0.10036127 0.0093272571 0.99490732
 -0.10036092 0.0097003123 0.9949038
 -0.10072986 0.010072986 0.99486279
 -0.10072947 0.010446019 0.99485904
 -0.10072908 0.010819049 0.99485505
 -0.10072866 0.011192074 0.99485099
 -0.10072824 0.011565094 0.99484676
 -0.1007278 0.011938109 0.99484241
 -0.1010966 0.012310656 0.99480045
 -0.10109612 0.012683647 0.9947958
 -0.10109564 0.013056632 0.99479103
 -0.10109514 0.013429613 0.99478614
 -0.10146383 0.013802066 0.99474347
 -0.1014633 0.014175021 0.99473828
 -0.10146276 0.014547969 0.99473298
 -0.1014622 0.014920912 0.99472749
 -0.1018308 0.015293269 0.99468416
 -0.10183021 0.015666185 0.99467844
 -0.1018296 0.016039094 0.99467254
 -0.10182898 0.016411997 0.99466652
 -0.10219747 0.016784256 0.99462253
 -0.10219682 0.01715713 0.99461621
 -0.10219616 0.017529998 0.99460977
 -0.10219549 0.017902857 0.99460322
 -0.10256385 0.018275013 0.99455851
 -0.10256314 0.018647844 0.99455166
 -0.10256242 0.019020667 0.99454468
 -0.10293069 0.01939274 0.99449944
 -0.10292994 0.019765532 0.99449223
 -0.10292918 0.020138318 0.99448478
 -0.10329735 0.020510307 0.99443901
 -0.10329656 0.020883057 0.99443138
 -0.10366465 0.021254983 0.99438518
 -0.10366382 0.021627704 0.9943772
 -0.10366298 0.022000417 0.99436915
 -0.10403098 0.022372255 0.99432242
 -0.10403011 0.022744933 0.99431401
 -0.10439802 0.023116706 0.99426693
 -0.10439711 0.02348935 0.99425828
 -0.10439619 0.023861988 0.99424946
 -0.10476401 0.024233669 0.99420178
 -0.10476306 0.024606271 0.99419278
 -0.1051308 0.024977885 0.99414468
 -0.10512982 0.025350451 0.99413532
 -0.10549746 0.025721997 0.99408686
 -0.10549644 0.026094526 0.99407727
 -0.10586402 0.026466005 0.99402833
 -0.10586297 0.0268385 0.9940185
 -0.10623046 0.027209906 0.99396914
 -0.10622937 0.027582362 0.99395901
 -0.10659677 0.027953699 0.9939093
 -0.10659565 0.028326118 0.99389887
 -0.10696297 0.028697385 0.9938488
 -0.10696182 0.029069763 0.99383807
 -0.10732906 0.029440956 0.99378753
 -0.10769622 0.029812103 0.99373674
 -0.10769501 0.030184416 0.99372566
 -0.1080621 0.03055549 0.99367446
 -0.10806086 0.030927762 0.99366307
 -0.10842786 0.031298764 0.99361151
 -0.10879478 0.031669714 0.9935596
 -0.10879349 0.032041915 0.99354786
 -0.10916033 0.032412793 0.99349558
 -0.109159 0.032784954 0.99348348
 -0.10952576 0.033155754 0.99343085
 -0.10989243 0.033526506 0.99337786
 -0.10989105 0.033898596 0.99336541
 -0.11025764 0.034269266 0.99331206
 -0.11062416 0.034639891 0.99325848
 -0.11099061 0.035010461 0.99320459
 -0.11098915 0.03538245 0.99319154
 -0.11135552 0.035752941 0.9931373
 -0.11172181 0.036123388 0.99308276
 -0.11208802 0.036493778 0.99302793
 -0.1120865 0.036865659 0.9930144
 -0.11245263 0.037235972 0.99295914
 -0.11281868 0.037606228 0.99290371
 -0.11318467 0.037976433 0.99284792
 -0.11355058 0.038346585 0.99279195
 -0.11354895 0.038718332 0.99277771
 -0.11391477 0.039088398 0.99272126
 -0.11428051 0.039458416 0.99266458
 -0.11464619 0.039828382 0.99260765
 -0.11501178 0.040198293 0.99255043
 -0.11537731 0.040568151 0.99249297
 -0.11574277 0.040937956 0.99243522
 -0.11610813 0.041307703 0.99237722
 -0.11647344 0.041677397 0.99231899
 -0.11683866 0.042047035 0.99226046
 -0.11720382 0.042416621 0.99220163
 -0.1175689 0.042786147 0.99214256
 -0.11793389 0.043155622 0.99208325
 -0.11829882 0.04352504 0.99202365
 -0.11866368 0.043894399 0.9919638
 -0.11902844 0.044263702 0.99190372
 -0.11939314 0.044632953 0.99184334
 -0.11975776 0.04500214 0.99178267
 -0.12012432 0.045000132 0.99173844
 -0.12048881 0.045369241 0.9916774
 -0.12085322 0.045738291 0.99161613
 -0.12121754 0.046107288 0.99155456
 -0.12158179 0.046476223 0.99149275
 -0.12194597 0.046845097 0.99143064
 -0.1223122 0.04684297 0.99138564
 -0.12267624 0.047211766 0.99132317
 -0.12304019 0.047580499 0.99126041
 -0.12340408 0.047949173 0.99119741
 -0.1237701 0.047946971 0.99115187
 -0.12413383 0.048315562 0.99108851
 -0.1244975 0.048684098 0.99102485
 -0.12486335 0.04868184 0.9909789
 -0.12522687 0.049050286 0.99091488
 -0.12559032 0.049418673 0.99085057
 -0.12595598 0.049416363 0.99080426
 -0.12631929 0.049784664 0.99073958
 -0.12668252 0.050152902 0.99067461
 -0.12704803 0.05015054 0.99062794
 -0.12741113 0.050518692 0.99056262
 -0.1277741 0.050886784 0.99049699
 -0.12813945 0.050884366 0.99044991
 -0.12850231 0.051252369 0.99038392
 -0.12886755 0.051249921 0.9903366
 -0.12923028 0.051617835 0.99027026
 -0.1295929 0.051985689 0.99020362
 -0.12995796 0.051983181 0.99015588
 -0.13032044 0.052350949 0.99008888
 -0.1306854 0.052348413 0.9900409
 -0.13104774 0.052716088 0.98997349
 -0.13141258 0.052713521 0.98992527
 -0.13177478 0.053081106 0.98985749
 -0.13213949 0.053078506 0.98980898
 -0.13250154 0.053446006 0.98974079
 -0.13286616 0.053443372 0.98969209
 -0.13322806 0.053810779 0.98962349
 -0.13359256 0.053808115 0.98957449
 -0.13395432 0.054175429 0.98950559
 -0.13431869 0.054172732 0.9894563
 -0.13468301 0.054170027 0.98940694
 -0.13504457 0.054537229 0.9893375
 -0.13540877 0.054534495 0.98928785
 -0.13577017 0.0549016 0.989218
 -0.13613425 0.054898832 0.98916811
 -0.1364955 0.055265844 0.98909789
 -0.13685948 0.055263042 0.98904777
 -0.13722341 0.055260234 0.98899752
 -0.13758443 0.05562713 0.98892677
 -0.13794824 0.055624288 0.98887622
 -0.13831197 0.055621438 0.98882562
 -0.1386728 0.055988215 0.98875433
 -0.13903642 0.055985335 0.98870343
 -0.13939708 0.056352016 0.98863184
 -0.1397606 0.056349099 0.9885807
 -0.14012404 0.056346174 0.98852938
 -0.14048448 0.056712735 0.98845726
 -0.14084782 0.056709778 0.9884057
 -0.14121109 0.056706812 0.98835409
 -0.14157431 0.056703843 0.98830229
 -0.14193447 0.057070255 0.98822951
 -0.14229755 0.057067253 0.98817748
 -0.14266059 0.057064239 0.98812532
 -0.14302054 0.057430524 0.98805207
 -0.14338344 0.057427481 0.98799962
 -0.1437463 0.057424426 0.98794711
 -0.1441091 0.057421364 0.98789442
 -0.14446874 0.0577875 0.98782051
 -0.14483142 0.057784405 0.98776758
 -0.14519404 0.057781301 0.98771453
 -0.1455566 0.057778187 0.98766136
 -0.1459191 0.057775069 0.98760808
 -0.14627838 0.058141027 0.98753339
 -0.14664075 0.058137875 0.98747987
 -0.14700307 0.058134716 0.98742616
 -0.14736533 0.058131546 0.98737234
 -0.14772752 0.058128372 0.9873184
 -0.14808646 0.058494151 0.98724306
 -0.14844851 0.058490939 0.98718888
 -0.14881054 0.058487725 0.98713458
 -0.14917248 0.058484498 0.9870801
 -0.14953437 0.058481265 0.98702556
 -0.1498962 0.058478024 0.98697084
 -0.15025471 0.05884359 0.98689461
 -0.15061639 0.058840316 0.98683965
 -0.15097804 0.05883703 0.98678458
 -0.15133962 0.058833741 0.98672938
 -0.15170114 0.05883044 0.98667407
 -0.15206259 0.058827136 0.98661864
 -0.15242399 0.058823824 0.98656309
 -0.15278533 0.058820501 0.98650736
 -0.15314326 0.059185799 0.98643005
 -0.15350446 0.059182443 0.98637408
 -0.15386561 0.059179079 0.98631799
 -0.15422669 0.059175707 0.98626179
 -0.1545877 0.059172329 0.98620552
 -0.15494867 0.059168942 0.98614907
 -0.15530956 0.059165549 0.98609251
 -0.1556704 0.059162147 0.98603576
 -0.15603118 0.059158735 0.98597896
 -0.15639189 0.059155319 0.98592204
 -0.15675253 0.059151895 0.98586494
 -0.15711311 0.059148464 0.98580778
 -0.15747364 0.059145026 0.98575044
 -0.1578341 0.05914158 0.98569298
 -0.1581945 0.059138123 0.9856354
 -0.15855481 0.059134662 0.9855777
 -0.15891509 0.059131194 0.98551989
 -0.15927529 0.059127718 0.98546195
 -0.15963544 0.059124231 0.9854039
 -0.15999551 0.059120741 0.98534572
 -0.16035552 0.059117243 0.98528737
 -0.16071546 0.059113737 0.98522896
 -0.16107535 0.059110224 0.98517042
 -0.16143519 0.0591067 0.98511171
 -0.16179495 0.059103172 0.98505288
 -0.16215463 0.059099637 0.98499393
 -0.16251427 0.059096094 0.98493493
 -0.16287382 0.05909254 0.98487574
 -0.16323332 0.059088983 0.98481643