-6.7725205 -3.5111208 24.97855
 -6.5628138 -3.0427895 25.006336
 -6.3411832 -2.5857804 24.997208
 -6.1167903 -2.1485395 24.993242
 -5.896987 -1.7224011 24.986849
 -5.6818895 -1.3162163 25.001579
 -5.4668503 -0.92599201 25.023125
 -5.2390776 -0.54580069 24.987663
 -5.0273552 -0.18723708 25.03327
 -4.799758 0.15922062 24.995947
 -4.5809135 0.48794046 25.012522
 -4.3621707 0.8041119 24.994593
 -4.1404896 1.0996556 24.989515
 -3.9201891 1.3827261 25.009722
 -3.6989696 1.6505826 24.996012
 -3.4875293 1.9044341 25.052515
 -3.2618718 2.1365023 25.016729
 -3.0421753 2.3569682 25.01491
 -2.8216701 2.5621557 25.012054
 -2.6016762 2.7498541 25.022377
 -2.3842077 2.9250638 25.033377
 -2.1619401 3.0827925 25.022474
 -1.9411881 3.2217331 25.001955
 -1.7181638 3.3385825 24.98213
 -1.4979615 3.4512696 24.977455
 -1.2780449 3.5467846 24.978735
 -1.0606194 3.6269233 24.990877
 -0.84386337 3.6959114 25.018394
 -0.61851323 3.7337098 24.981955
 -0.4013744 3.7667103 24.983513
 -0.17954408 3.7849028 25.01737
 0.03811644 3.7843196 24.986609
 0.260934 3.7676528 25.000301
 0.47916928 3.7393143 25.011372
 0.7011717 3.6954255 25.05159
 0.91980356 3.6262803 24.993706
 1.1416414 3.5530488 25.034807
 1.3631326 3.4549763 25.018095
 1.5825469 3.3492746 25.03698
 1.8008035 3.2174828 24.993341
 2.0179236 3.0809681 24.997229
 2.2413852 2.9221952 25.014227
 2.4635291 2.7506957 25.022682
 2.6827157 2.5638268 25.029129
 2.9031303 2.3593168 25.047424
 3.1143503 2.1373281 24.976368
 3.3428752 1.9045802 25.033846
 3.5643806 1.6533103 25.04088
 3.7809772 1.3861666 25.030539
 4.0005493 1.1000737 25.000921
 4.2165337 0.80464798 24.998537
 4.447206 0.48849168 25.044865
 4.6655908 0.15940346 25.050413
 4.8826656 -0.18586776 25.020752
 5.1044049 -0.54485607 25.029829
 5.3216243 -0.92643929 25.000851
 5.5385637 -1.3138283 24.995655
 5.7603307 -1.724195 25.000435
 5.9848948 -2.1512141 25.017048
 6.2005482 -2.5869429 24.996742
 6.4221063 -3.0447292 25.013037
 6.6409941 -3.5134616 25.008442
 6.8590217 -3.9987605 24.995403