6.8014202 -0.6245985 25.023138
 -6.7731214 2.379957 25.022148
 7.0890822 1.3165743 25.012243
 -7.2588005 -0.73059571 25.043989
 -0.029528931 -0.59462672 25.011845
 -4.5707092 2.0997758 24.998949
 0.35939589 2.2153223 25.013924
 2.9203331 -2.0357318 24.997227
 1.2040802 1.3018379 25.013617
 4.5315757 0.51244193 25.025932
 -3.8784192 -0.86459851 24.985174
 6.3136387 -3.254235 24.996803
 -3.9279456 2.9286375 25.032253
 4.1386538 3.5984244 24.989464
 -3.0137587 -2.1276586 24.997581
 -1.2883925 -3.394892 24.986395
 -2.1106031 -1.6199434 25.003117
 -0.40336239 1.6885444 24.983702
 -4.453814 -1.3392289 24.987034
 -0.4605529 -2.4283655 25.012526
 -1.5449483 -0.44176736 25.01169
 -1.7192545 3.0292234 25.001999
 -4.85006 -2.400079 25.004175
 5.8791199 -2.4946034 25.003574
 2.1925166 -1.8293144 24.99781
 -3.6467407 -3.7472482 25.005564
 2.5952375 -0.85267562 25.022377
 -7.15908 -3.7968512 25.020657
 5.659164 -0.2068934 25.040052
 -5.2616272 2.816416 24.987396
 -4.3114047 0.40280983 24.985018
 5.5507393 2.1968064 25.017632
 3.6061785 -0.14832515 25.027107
 5.444943 -0.71011496 25.018263
 4.8739924 -0.44102734 25.041859
 4.8074741 1.5476891 25.010002
 6.4912777 -0.43418646 24.981283
 -6.0242195 0.13911667 25.004341
 3.1076627 0.070385911 24.987854
 3.9602172 2.9340632 25.015621
 5.172133 -1.4956436 25.001825
 -3.5705559 -1.9676346 24.997589
 3.165029 -2.393765 25.002571
 5.5869417 -3.1388513e-06 25.033617
 5.8930731 -1.3970009 24.993299
 -3.8910258 2.1886375 25.018528
 6.0741606 -1.2583888 25.039791
 4.5033722 -1.5232266 25.038546
 0.73318428 -3.3986318 25.028507
 5.9217052 2.1802714 25.01333
 6.1346927 -2.0245216 25.00161
 -4.4817777 1.2348117 24.98908
 5.7264643 -2.3538773 25.030592
 3.0690048 -1.7255032 24.981634
 -6.6172252 -0.68513954 25.009569
 -5.701088 -0.0950009 25.021339
 0.47349608 -0.45336017 25.003662
 0.22466189 -0.099007882 25.00666
 -3.285131 -2.803725 24.986031
 -1.9262636 2.8075984 24.99758
 4.7472582 0.56356269 25.017447
 1.9523683 -2.6472163 25.024364
 4.5718389 -0.78852874 25.032415
 0.35939172 -0.76672143 25.000587
 3.5920241 -0.68452567 25.018974
 7.1800203 3.1218765 25.014959
 5.4482493 -1.8309611 25.022636
 6.9991579 -1.9541214 25.009081
 3.6498504 1.5171535 25.006182
 4.6735687 -0.15932252 25.014902
 0.70165342 -3.6009281 25.030144
 -1.2305988 0.30516982 24.985163
 -2.1979635 0.010317787 25.015478
 2.232909 -0.7609989 24.988506
 -6.3303561 0.82952493 24.978167
 1.4618163 3.5219812 25.033934
 7.0274396 -3.1048498 25.000629
 6.1783156 0.94103545 25.016529
 7.4897685 -3.7786665 25.022404
 -0.14414515 2.9800923 24.976067
 0.76907301 1.5507653 25.018345
 5.3492956 1.2227427 25.015785
 2.0645988 -0.80068558 24.987202
 -0.4542321 -3.6898968 25.002136
 -4.6420565 -0.28980187 24.987745
 -2.0623238 -3.3961806 24.998234
 -7.1585922 -1.9531602 25.005173
 3.7923694 2.6363251 24.98774
 -4.872633 3.7337866 24.962858
 4.5661569 2.8471296 24.991409
 -7.371707 -1.1897318 25.034447
 4.6407757 3.1753802 24.981493
 1.7519914 -3.6065218 24.983938
 -2.127656 0.31906402 24.999527
 4.5693445 -3.0240772 25.003441
 3.3525767 0.48933744 25.036535
 3.4769647 -1.144196 25.020111
 3.0913601 -0.39059612 25.057611
 -1.2573434 2.473417 25.039404
 -1.8873324 3.5734169 24.985594
 -4.5380898 0.89454985 25.02322
 1.1063994 -2.8650227 25.021248
 -4.8262348 2.5266418 25.00161
 6.7459493 -2.9442992 24.988909
 -0.5519852 -3.088377 24.983803
 -2.8645296 -3.3125803 25.011173
 -0.24268638 -0.66715783 25.024021
 -0.89921588 0.029740278 25.007191
 -0.42801547 3.0970256 25.052935
 -0.56414777 -3.005863 25.030159
 2.9264994 0.99205679 25.025005
 5.2631073 2.3720722 25.000675
 -7.1147828 1.2776324 25.011463
 -4.6543846 1.6230974 24.977182
 -0.1129741 2.7655759 25.009176
 -5.8545456 0.84122145 25.012365
 0.45075679 0.11716052 25.007593
 5.8075056 2.7426748 25.005808
 1.4986997 -1.6278921 25.019665
 1.3141153 -3.5418108 24.985064
 -1.976753 2.3457313 24.994251
 3.3497324 2.2430589 25.004156
 3.9051974 0.74977219 24.999701
 -4.2526693 -2.6264162 25.030247
 3.1510277 1.1043874 25.03153
 -3.2638199 1.4511489 24.997036
 3.106961 -0.27568975 24.979414
 0.6692369 -3.5560358 25.019939
 4.470849 1.2779644 25.019506
 -6.0553331 0.20173806 25.010933
 -6.9574976 -3.7976661 24.995771
 -6.3143334 -2.1069701 25.003187
 6.76301 -1.0922161 25.007914
 -0.31851 -2.1800542 25.041271
 3.881918 2.6221189 24.995695
 -4.039187 0.082759567 25.007788
 0.69248927 -0.44074783 25.051468
 6.0768871 3.7013531 25.0151
 4.460165 3.457751 25.004396
 3.7762311 1.6202869 25.024565
 -7.1648893 1.3041389 24.988098
 -2.3739367 2.8436251 24.977213
 -2.9828598 -1.1914819 25.04812
 -0.49770921 2.1975951 25.010056
 6.4425936 -2.4769714 25.029858
 -3.7457814 1.2545387 25.01527
 6.3556323 -1.6672541 25.019884
 4.6199732 -2.4439297 25.053394
 -0.84357852 -1.3632637 24.999262
 2.8832245 0.049435109 25.001673
 -3.2634375 0.54820138 24.97645
 -4.8575506 2.7464001 25.007736
 -4.7480206 -0.92033869 25.006683
 4.9511185 2.495939 24.981934
 -2.6533997 1.9244587 25.003273
 -1.9823074 -1.411342 25.00894
 -4.1724133 -3.1744704 25.014238
 -4.2285404 0.39310303 25.020464
 -6.8264256 -1.1983241 25.002741
 5.989377 -1.6061324 25.030819
 -2.3259234 -2.9645312 24.987293
 3.394968 -0.8528077 25.01133
 -7.3706226 2.5335982 24.999491
 -1.4084669 0.42862263 24.989231
 -0.69612509 2.2396905 24.996553
 0.18408848 -2.6268289 25.00399
 6.8281879 -0.75746191 25.023331
 -1.8931701 1.2881516 24.990673
 6.9410357 2.4305551 25.022642
 -4.5952759 -0.45459858 24.997852
 -4.062489 2.1240675 25.018345
 2.056973 0.55036473 25.00778
 -5.0179071 3.6821816 24.996807
 -5.5480123 0.59089851 25.018147
 -0.38468179 0.082873687 25.014303
 5.6986017 -3.5381787 25.005005
 -0.57137489 -0.065023959 25.01767
 3.3753827 -3.3164823 25.025686
 -6.1166239 2.5988321 25.021336
 -1.0963061 -1.9923486 25.03941
 3.9552114 2.3753731 25.00625
 2.1487851 2.5285344 25.001852
 1.0493988 -2.9166222 25.018333
 3.5145981 2.8737116 25.040382
 3.3466489 3.8512609 25.027979
 5.2411952 1.0853108 25.041979
 5.6758585 -3.2791474 25.018126
 7.3024883 1.9476682 24.976578
 -1.2723368 1.8572701 25.002773
 2.3622508 -0.55743843 25.003731
 -3.2668173 -3.3197937 25.001852
 5.0592933 0.73863727 25.01111
 2.4128172 -1.0290674 25.024036
 3.0785453 1.7296765 24.99243
 -3.515929 2.9878345 24.992224
 1.1164634 -2.9672928 24.992105
 4.0391278 -3.3037107 25.008284
 6.4304457 3.5020993 25.013454
 2.1592572 -3.248822 25.010258
 2.0348825 -2.225431 24.999884
 2.2256382 3.2404361 25.040035
 6.3358483 -1.8780415 24.979988
 6.6042004 -1.3593524 24.993557
 -5.4676208 -2.3799739 24.975132
 -6.6903467 -0.38800064 25.017452
 -1.7545023 -2.2712686 24.995628
 -3.355113 0.3207086 25.034935
 -7.3424435 2.8863964 25.011526
 2.702508 -2.1234295 25.019489
 -0.80550677 3.815079 25.000935
 0.33667588 -3.2975779 24.98942
 6.4064531 -2.1952589 25.004585
 3.1850221 1.9512291 25.025101
 6.5176625 2.1699674 25.02202
 -6.7041063 -2.0003726 25.006294
 -0.52601027 1.4342954 25.023596
 -2.2003546 -3.5790873 25.03594
 1.8851526 -2.3191423 24.968485
 -2.6914148 2.369647 25.016396
 3.5398605 3.0699596 25.006123
 7.3880963 -0.13158591 25.023195
 6.3579946 -3.2546694 24.999554
 -7.2479286 -3.5737543 24.975561
 -3.5091097 2.1288195 25.004395
 -2.7504065 1.4579747 25.000746
 4.5038657 -2.6766853 25.036833
 -6.0774183 -1.6587701 25.033442
 -5.7454944 2.1815054 24.989634
 4.3512878 2.18431 24.987543
 1.7565901 -1.0484318 25.019516
 -1.698875 -2.1612804 25.011759
 1.0814127 2.066823 25.016258
 -3.9696081 3.8622301 24.992447
 6.6354804 -3.6074727 25.017963
 4.8700328 0.96093333 25.027357
 -5.4399877 -0.98268324 25.003902
 4.2167859 -2.4493761 25.050236
 1.2170882 3.003612 25.045542
 3.5009491 -1.1654736 24.98838
 -2.4912908 0.22277516 25.044624
 4.9556379 -2.1852522 25.016048
 -5.3415041 2.8920548 24.998497
 5.3527412 0.10260886 25.010094
 0.35920978 0.42685986 24.988014
 1.9276986 2.8024533 25.012865
 -6.6331873 1.1236405 25.020811
 -7.2654524 -1.2113595 24.998749
 -2.0468316 -1.6400433 24.959694
 -0.29737973 -1.4546731 25.030649
 4.7267847 -2.0438526 24.997845
 -7.3480463 -2.9822779 25.003944
 -1.1684805 3.6167026 24.993357
 2.5640552 -0.48584923 25.045456
 6.2932572 1.8073432 25.020906
 2.780519 -3.4299178 25.013647
 5.6616607 3.6154854 24.993357
 4.0401125 1.286176 25.051163
 6.4314036 3.5326676 25.030603
 -0.3453384 0.69439757 25.010298
 2.1466095 0.79501927 24.989069
 -1.461591 3.5601563 25.050455
 -3.2301149 3.7832806 24.99626
 0.84459776 -3.872381 24.961
 -2.861644 -0.9060055 24.99819
 -1.7743095 1.7012337 24.986298
 1.5766641 -0.34468961 24.991829
 -7.2941227 -0.49255487 24.993366
 -4.7073288 0.066440329 25.019327
 7.2994342 -2.3105369 25.01248
 -4.2148085 3.6266208 25.022757
 1.6964799 -3.3751624 24.993164
 0.82316381 -1.3307179 25.056425
 -0.57997769 0.68748218 24.991457
 4.4173236 0.74761438 24.986521
 -7.30617 0.88822734 24.990192
 -1.5677783 1.8602022 25.016026
 5.0605059 -3.0422378 24.999952
 2.9279807 3.5859196 24.970673
 4.7949781 -2.9886513 25.023024
 -6.5097785 -3.4270737 25.016657
 4.2200112 0.66646874 25.027098
 4.1323066 -3.0980999 25.022825
 4.0659223 -3.8135993 24.996111
 0.80858976 -3.3677459 24.98744
 0.14986563 0.72233903 25.059196
 0.606457 3.7338467 25.011385
 -3.4282558 -2.5230865 25.009048
 5.8468103 -0.91780829 25.023365
 6.7584286 1.7533764 25.03742
 -1.7776006 2.9362743 25.019936
 -0.78112763 0.42185661 25.02109
 -5.8424106 -3.8337312 25.015318
 -7.3690143 2.3023846 25.02635
 5.8116078 3.691308 25.001835
 1.5486097 1.9428157 25.0769
 2.4647422 3.8002748 24.974487
 -3.3340139 0.87339795 25.034039
 2.1117635 -3.4645002 25.03425
 0.40581748 1.8387692 25.006615
 5.9819231 -2.1505115 25.002123
 4.6660423 0.56218827 24.988283
 -5.8167338 2.1300471 24.987343
 4.5839739 -3.5100479 25.00589
 7.0514526 2.984468 24.993418
 -1.6513283 -2.2235801 24.970623
 3.2013628 -0.98586941 25.00695
 3.6595786 0.074901499 25.005125
 0.44951698 -3.0546014 25.007051
 0.73931086 -1.7955301 25.023878
 -1.8117917 1.2281137 25.034412
 -1.5985178 -0.69349551 25.006296
 1.0990406 -2.9653547 24.977644
 2.6951027 -1.8018179 24.998941
 -5.9989414 2.9582026 25.026649
 -1.67506 3.6661537 25.003967
 -1.1870379 0.93649709 25.015381
 -6.7047725 3.0392919 24.984594
 6.4791222 -2.741816 25.025314
 6.3020816 -2.4409184 24.986296
 -2.0629988 3.0415461 24.995632
 5.8998389 -1.3775995 25.021093
 -6.5805483 1.174641 25.008841
 -0.16555808 1.1010721 24.997318
 0.85400236 1.9788872 25.029963
 -2.0860426 0.47269532 25.00709
 5.6254282 2.0616138 24.996288
 -6.584734 2.9602189 24.994713
 1.5325023 3.1809459 25.015118
 -3.3439579 0.61938149 25.027454
 4.8867531 2.7389851 25.012217
 6.7892876 0.18907827 25.005388
 -4.9104033 0.28890422 25.024115
 -4.8971062 1.1551214 25.000969
 5.779532 2.10359 25.038012
 4.1604271 1.9622658 25.01701
 -0.92253417 0.52443337 24.984789
 4.0109439 -1.8496659 25.007566
 -4.3231492 -0.33570996 25.018715
 -6.3380671 1.0227091 25.03544
 -2.1903875 0.57975811 25.032553
 -1.4914715 -2.9645572 24.978819
 3.9088218 -2.1181257 24.993792
 2.1643009 1.1720898 25.043911
 1.3122466 2.9732623 24.992563
 6.6293774 0.28871781 25.008537
 -2.9118555 0.074096926 24.998533
 6.5939202 -2.0741088 24.998699
 4.6761403 -1.5933051 25.030272
 1.7064227 2.2988231 25.036659
 2.8413241 0.41663975 24.995981
 1.0386108 0.3118135 25.025791
 0.74160326 3.8344955 25.014797
 7.2884192 -2.3303621 25.027355
 2.1596127 -1.560159 25.02453
 -5.7016292 0.59027117 24.996302
 1.0239389 0.07569322 25.000759
 4.8596282 -3.1818175 25.022829
 0.59924483 1.0819613 24.985828
 0.099449851 -3.5608113 24.975422
 -4.322783 3.2776163 25.011395
 3.3164518 -1.9335291 24.991829
 0.4260067 -0.56163222 24.995575
 -6.8678012 1.4567084 24.993803
 -1.9260454 -0.12009443 25.01746
 -3.5625222 -0.20482586 25.032557
 2.6847022 1.1511788 25.004879
 -2.53421 0.75792098 25.00075
 -1.9041539 0.94778955 25.049511
 6.8499966 1.9569124 24.996817
 -1.1197839 1.2493988 25.002451
 -3.402807 -2.7782309 25.031733
 -1.3977449 2.1155508 25.021555
 0.55226737 3.2652068 24.990635
 -1.587518 -2.1369946 25.012814
 1.9930602 3.8077765 25.041813
 5.9904242 3.6008797 25.001926
 5.5438061 2.7377763 25.006586
 0.60836518 0.09278217 24.992605
 1.5209608 1.7143328 24.987942
 6.4039879 -3.1913111 25.018562
 3.2765384 1.3967857 24.98877
 -1.3588958 3.7109325 24.980888
 -3.2865224 1.4084759 25.04965
 -7.0699663 -3.8519747 24.997734
 -1.427946 3.2923582 24.979586
 -7.4819918 3.3975682 25.011343
 0.45971543 -2.5333047 25.017958
 3.9875474 2.6572261 25.029978
 1.6241349 -0.34753254 25.004137
 3.3286755 2.5323339 25.021854
 -5.4050498 -0.054664522 24.998432
 -4.1247654 2.8709233 25.021212
 -1.811915 -3.709554 24.988094
 6.3709712 2.3407288 25.015308
 -4.1787691 -1.5011108 25.000504
 7.4121642 -2.3864722 25.018707
 -3.259577 2.2653785 25.021322
 -5.3175864 -1.6181113 25.005877
 3.3595288 2.9155822 24.973816
 -6.8217974 1.8145591 25.028372
 -6.8742824 1.96878 24.998112
 -3.0883813 0.21042007 25.02038
 -0.70405167 -0.89716792 25.014465
 0.65442485 -2.941364 25.011915
 2.4844327 1.9488832 24.997103
 -6.680347 -1.7332011 24.989128
 4.7451839 -1.7930897 25.004114
 -5.4031739 -1.0460631 25.000711
 5.857327 -2.3520019 24.984468
 -6.1146951 -0.20803463 25.019678
 -2.9003944 -3.1223967 24.989727
 -7.4190984 -3.4642327 24.999691
 -4.499351 -1.2694715 24.993475
 -6.1060696 3.1752124 24.998119
 4.1167297 0.99363917 25.013613
 -6.7960529 0.12856692 25.011936
 2.1951621 1.3966682 24.991436
 -3.6838348 3.7421584 25.007118
 -6.2710614 -0.090516746 25.041838
 -4.3961563 3.8105068 24.987621
 -6.7483668 1.2784331 25.002253
 3.6715274 0.74991667 25.021624
 -7.2531967 1.7632571 25.01219
 -1.2479568 -1.258155 25.001623
 -1.4783852 -1.2270004 25.035357
 -1.9968926 0.74878311 24.991306
 5.2706928 2.9789934 25.068352
 6.1676579 3.0766003 25.00202
 1.2223214 -0.064561971 25.006151
 0.85650706 -1.9718758 25.003525
 -5.9353442 2.2213554 25.049234
 -2.1257174 1.7902942 25.035484
 -2.5187764 0.54132277 24.994694
 7.1561441 -1.7287621 25.000244
 -3.0071595 -0.56712639 25.015892
 6.7391667 2.7198246 25.005289
 -7.0414739 2.2910407 25.019693
 -4.7831812 1.6226447 24.97991
 6.7426782 2.1405156 25.066372
 5.2591448 -3.550796 24.979761
 -1.973205 -2.6746259 25.024736
 -0.76731807 1.9051915 25.001953
 -0.74943459 2.0186157 24.994148
 6.9707088 2.1138418 25.021713
 0.87138236 0.41017324 25.038902
 5.5820999 -1.855937 25.028543
 0.3839854 -0.23042122 25.009331
 -1.3686379 -1.9054983 24.998175
 2.3966138 0.4960967 25.010857
 1.1487639 -2.2623322 25.00861
 -4.0035596 0.041285802 24.995234
 -2.5001242 0.97399426 25.015574
 -1.2743576 3.0167878 25.020287
 7.4514856 3.8641918 25.015936
 3.2951365 2.7595611 25.023733
 -2.8652375 -3.1908844 24.993664
 -2.7828374 3.5369704 25.030384
 4.3211665 3.7696581 25.006418
 -7.265748 0.58937949 25.010754
 2.5219152 -0.31862712 25.003296
 0.26397929 1.4489603 25.00576
 -4.3755198 -2.7070813 24.998024
 3.3960042 1.5779175 24.997837
 6.3043137 1.3818076 25.002644
 -5.4565606 2.4479413 25.013454
 -4.1474557 2.6645963 25.028688
 -5.3414288 -2.825815 24.997942
 4.8356023 -1.1820511 24.987471
 4.5886545 -3.7833934 24.973803
 -4.6056147 -1.0536118 25.014044
 -2.1104383 -0.67274415 25.037766
 5.626111 3.2232249 25.057198
 1.8434337 -3.767287 25.005423
 -1.4001017 -1.9593955 24.982399
 -1.0432893 -1.9206798 24.97373
 6.869719 -2.0464883 25.005959
 -2.0374057 -3.1898508 24.9949
 3.8450041 -2.2984092 25.002274
 6.2457342 2.5061989 25.048845
 4.3447633 3.1144195 25.031883
 -3.0074425 -3.1231573 25.018141
 0.7041114 0.89725059 25.017389
 0.93699014 -1.0000178 25.030224
 -4.7412853 2.5728357 25.021189
 -1.7708852 0.55555952 24.986895
 6.4231062 1.8943535 25.058254
 3.437392 -3.2762542 25.011276
 -5.1260448 2.5771041 24.996962
 -2.3350041 0.75987178 25.001665
 -5.9033313 3.594521 24.977396
 -3.8302228 -2.1683583 24.979044
 -5.9778118 0.96772414 24.968513
 0.6559363 2.2648749 24.997637
 7.4879255 2.1185143 24.997286
 -2.118448 -1.6629796 25.023977
 4.9950762 -3.6116371 25.027435
 -1.9804807 1.6408387 25.043257
 -5.1096764 -2.0104401 25.016006
 -1.9604211 0.74208057 24.977081
 4.497314 -3.5148098 25.028585
 -4.8261495 -3.4296758 25.028137
 -6.3417149 0.30112877 25.010012
 2.1228051 -2.3433416 25.003969
 -4.2611046 -0.67582339 25.005268
 1.2160618 3.0696809 25.04767
 -3.8650401 -3.2047207 25.013128
 2.1864054 -0.97755677 24.998602
 6.0914698 -2.8374486 25.010969
 2.843096 -2.2240205 25.01832
 -6.3843298 -3.2597857 25.014313
 -1.1540588 1.3344916 25.040396
 5.3548803 -0.52039468 25.008631
 -6.7473741 2.0078013 25.004908
 6.2720413 -0.52285397 24.986088
 0.91695231 0.58982933 25.010691
 -6.3251028 -2.0447266 25.057184
 -4.1612749 1.9911371 25.010553
 -6.793015 -3.7742436 25.016668
 0.73231494 2.2901196 25.038761
 -4.3202271 -1.4655536 24.995583
 -5.9082842 -1.4660134 24.996634
 1.6019588 -2.6956906 24.976179
 0.0077072419 -2.9123418 24.992832
 5.5045443 -0.06718687 25.021498
 -1.950242 -1.7043321 24.984737
 -6.3297806 1.8815299 25.021215
 2.6271126 -2.0218437 25.016277
 0.16968858 0.03089422 25.011391
 -2.9532914 -2.7419667 24.990747
 6.2748804 1.4163867 25.001169
 4.5714254 3.2134681 25.042736
 6.5063691 -2.624388 24.977812
 4.9076347 -3.7652519 24.991982
 1.5787594 0.94355792 25.02754
 -3.3716271 3.5781064 24.989664
 -5.9695859 2.0049961 24.993713
 4.4815178 -3.4485879 25.035818
 -3.7303238 -0.31914249 25.017778
 0.98817199 -2.4680049 25.006693
 4.6027222 -1.9022679 24.983206
 2.3999956 -2.7502871 25.009432
 6.7507381 -3.1449564 25.008844
 -3.0090878 3.4439464 24.970991
 1.0441699 2.2804008 25.013315
 0.40307498 0.5812363 25.022652
 6.816215 0.4301753 25.005638
 2.9297302 2.8321264 25.014027
 5.9107742 3.6508293 25.009785
 2.9666905 -2.4351366 25.00642
 -1.2263426 -0.31521109 24.991594
 1.6027733 -2.3323574 24.992445
 -4.5944338 2.4338071 24.995049
 -6.2634158 0.24522661 25.008497
 4.7143121 0.61521846 25.01553
 -1.8189884 -1.6717625 25.00412
 1.9485102 3.4261961 25.023485
 2.3630376 -2.4548578 24.996761
 -2.4028459 -3.2966352 24.994219
 -1.3418753 -2.3293462 25.006886
 1.2359474 -1.9234581 25.004522
 -6.6205783 -0.24495171 25.00316
 -6.5975904 -2.3850868 24.990002
 0.70662951 1.7115308 25.006495
 -7.3537169 2.2501881 24.999294
 -3.8064625 1.7645522 24.990686
 6.1064959 2.3042099 25.047939
 5.8798399 2.9122362 25.009745
 6.9427047 0.653045 25.029657
 -0.83411348 -2.7581637 24.993452
 6.3207173 1.600991 25.036608
 7.0898004 -2.6232734 24.999128
 0.59206247 -2.6295857 24.987181
 2.4048302 -0.036799856 25.017721
 3.4106436 2.0169699 25.015408
 1.4065483 2.32618 24.994673
 -4.6734819 3.5911336 25.028471
 0.73250371 -1.4146361 25.022018
 -2.5346014 1.09852 24.973358
 3.9530065 -0.20624402 24.993528
 4.2947798 3.8117464 24.982208
 0.098604038 3.7740529 24.992285
 -1.8842783 0.65461582 25.021341
 -6.7673264 -0.87226623 25.017122
 5.3749886 -1.93546 25.026814
 -2.0119703 2.3081124 25.015965
 1.5945283 -3.4946978 24.980337
 -4.9784169 -3.3379533 25.026024
 4.3359895 2.1478286 25.035627
 4.3025823 -3.1401637 25.008041
 -6.2432141 -0.2698538 25.022495
 0.6158098 2.4385145 25.020298
 -0.70590019 -3.6255507 24.998402
 -1.5934725 -0.81997007 24.985085
 3.8524177 0.045816299 25.014292
 4.1634617 -1.4679655 25.030807
 -6.6833248 -0.29587901 24.991776
 -4.3899269 2.5431957 25.019575
 1.2511822 2.1177568 25.01054
 0.9262597 -1.8291538 25.043621
 1.3122675 3.8196328 25.034927
 0.111293 1.8295784 25.016457
 2.9646566 3.8590312 25.011389
 6.8126159 2.5366309 25.0242
 0.72778386 1.3483911 25.010908
 5.296454 0.17196615 24.976028
 -0.21369141 -2.5434663 25.047005
 2.9227958 2.0546997 25.058254
 -6.5533862 -1.8500111 25.007381
 -5.0375051 1.2099706 24.985353
 2.442569 1.8004901 24.989195
 -5.9967666 3.4948165 24.993568
 -7.2954545 -1.7533873 24.991104
 -5.3797865 -2.1496923 25.006985
 -6.8736596 1.2986714 25.001024
 7.0223098 0.49024031 24.995667
 -6.412528 0.65209168 25.002462
 -3.9541991 3.8912148 25.017744
 2.9104891 -2.3627007 25.002712
 0.47851643 3.208972 24.997906
 2.7321498 2.8463759 25.042549
 0.34476575 -2.4140551 25.028263
 -1.1643679 -1.3391775 25.04038
 -6.3116813 3.8920224 25.012815
 -3.9303601 0.075143687 25.010798
 3.7138879 -2.6845779 25.042643
 -6.5743222 -3.6023281 24.991732
 -1.6380608 -0.25487626 25.019306
 -5.2522931 -2.991086 24.984064
 -2.7962122 -1.0310029 24.988607
 -0.7608512 -0.58225912 25.022326
 -4.5393133 3.5104594 25.020844
 6.4501534 -3.7833302 24.985916
 3.1133575 1.1812743 25.018963
 -4.480516 3.2564049 24.990984
 3.2685051 -1.5460213 25.038076
 4.3888817 2.7623835 25.000719
 1.8424124 -0.72143191 25.005947
 1.529868 -3.5403717 25.021173
 -6.6631398 -1.1254066 25.038975
 -2.6592588 -1.690721 25.004591
 3.0195267 2.9443467 24.976374
 -1.5619371 -1.2445438 25.028431
 3.2224119 3.1197083 25.059399
 4.038743 2.5994351 25.015135
 1.5967275 -3.4443929 24.976206
 -0.9005332 1.820995 25.01298
 2.3046501 -2.6848338 25.004011
 1.7900567 -0.82815123 25.031178
 2.1296864 -2.6326003 25.018621
 -2.9280388 -3.2987616 24.998911
 -6.3973651 1.1369889 24.992393
 1.1319954 0.78474236 25.022089
 6.6950212 1.5509697 24.984756
 -4.7623506 2.5848277 25.001446
 -7.0293698 -3.6507373 24.992891
 7.1250429 2.2560232 25.04126
 5.546452 3.5681198 25.021353
 3.4450378 3.8705461 25.011127
 -1.678457 -1.3100113 25.010284
 -6.8858204 -3.2681887 24.985168
 4.9293761 2.5679996 24.997068
 4.4823151 -1.0601428 25.018391
 7.0965409 3.4033675 24.998013
 5.0719333 2.2392516 25.03936
 0.345961 0.81008279 24.982855
 3.6830838 0.94141316 24.982059
 -0.88116252 1.5646037 25.017603
 0.76075798 2.6291764 25.022533
 3.7056861 2.0943716 25.033949
 -5.4140506 -3.1029265 25.005178
 -5.8480067 2.3573198 25.024609
 3.7608674 1.0515105 24.957909
 0.24219576 0.72908741 25.010546
 -5.6895719 -1.048067 25.01259
 -2.081526 -3.049777 25.014812
 4.3182893 -3.2166743 25.025835
 2.581754 0.31159171 25.028547
 -2.5667913 0.87946421 25.019487
 2.0173686 2.7020807 24.991423
 3.9806342 -3.7004683 25.006468
 -6.5384717 0.58999652 25.00293
 4.8487735 2.0416706 24.995026
 5.7404008 3.5863764 25.021061
 6.6189113 -3.8890686 25.010164
 5.2573261 3.2159464 25.0208
 -6.843297 3.1143265 24.982224
 4.5552039 -0.97854233 25.020542
 2.0679686 -0.10509455 25.01503
 -2.629626 0.29344738 25.028454
 0.12648417 1.3476142 25.006535
 6.3086729 -2.7491658 25.015583
 6.3950715 -3.0031154 25.028879
 -0.094325535 2.5417809 25.021801
 5.5637274 -1.810531 24.995667
 7.3111095 1.5053297 24.991508
 1.7973496 -2.5801747 25.011255
 -5.586041 0.97364879 25.022219
 -3.60692 0.19601047 25.004063
 -4.5213122 0.28606197 25.00478
 4.8215756 -0.49143428 24.982891
 -2.5796649 -3.3100226 25.00485
 -6.1417189 -1.6318197 24.981344
 -6.3693638 -0.25719845 25.007698
 -7.3815093 0.10756734 25.026377
 0.78505361 -1.5805355 25.02702
 -4.9063916 -3.8627319 25.012432
 -2.3993716 0.97753125 24.999233
 -2.5732591 -0.31752524 25.044075
 6.4389968 -2.8924146 24.983522
 -6.8772106 -1.3327287 24.988071
 3.2197134 -1.7907332 24.99712
 4.6853237 3.8805587 25.034321
 -6.7992702 1.2128006 24.997414
 7.1979704 0.33000153 25.017521
 -6.038938 -0.87993234 25.01302
 -5.5673432 -2.9853714 25.032663
 3.7324286 -3.6465857 25.052458
 -7.3923187 1.0108643 25.036514
 3.3705485 2.7265122 25.011059
 2.0710096 -0.12442285 24.972202
 1.6243104 2.9229228 25.059513
 6.2711 2.9224648 25.079721
 3.2803757 -1.8967712 24.996492
 -2.9099894 -1.4706388 25.019289
 -6.9927464 2.4589412 25.001875
 -1.2659315 -3.2437305 25.012459
 0.29658017 -3.5375397 24.990904
 -3.5948298 1.3169152 25.023258
 -6.1064587 2.0158515 25.041698
 1.0768811 -1.6394329 25.009001
 -3.5881321 1.5861419 25.026438
 -4.6803379 -2.5157938 25.016279
 -0.65727913 -3.3461213 25.004883
 6.7789106 3.6578784 25.021561
 -5.5093613 3.3493903 25.000677
 6.1145711 1.6584551 24.99177
 4.500628 0.39898717 25.014437
 -5.1833534 -1.042819 24.979704
 3.2786458 -0.58377063 25.040279
 2.4317992 -3.4363694 25.008623
 -4.3801122 0.46696159 25.027235
 2.2974861 3.3818638 25.007372
 2.7123964 -1.0021855 25.046782
 6.6446486 3.1463437 25.044111
 7.066153 -2.331481 25.009619
 -4.5492892 -0.88072979 25.007559
 3.5493872 -1.6442412 25.00773
 -4.5585103 -1.4977517 24.99161
 -1.6122468 0.71066034 25.039309
 -3.4515834 2.0924323 25.014725
 -1.3806754 -3.1708288 25.008705
 -7.3900428 1.5608255 25.031769
 1.0706289 0.26201925 25.043451
 5.9090362 -0.017559974 25.012619
 1.438018 3.6178489 25.007788
 -1.9701679 -2.4670291 24.99725
 5.9972582 2.2782316 25.032663
 4.4112606 2.6316035 25.003405
 6.8389859 3.343133 25.030727
 0.35521233 0.81931895 25.006382
 0.53298205 -0.21216908 25.032099
 6.8235183 2.5154333 24.98387
 6.6385851 -3.5181406 24.97436
 -3.6058125 -3.2861576 25.032688
 0.34495121 -1.4966921 25.031864
 -7.1965451 3.5508575 24.987429
 4.9023385 -2.9884343 24.995356
 -2.5856314 -0.89227861 24.979879
 1.0906017 -3.5092285 25.000788
 -1.1515681 -1.19019 25.034109
 -4.1153131 -1.9966992 25.001472
 -5.0194783 -0.46689019 25.004454
 -2.6859415 3.6808677 25.01848
 -3.8038855 0.45398399 25.024635
 1.7075794 -0.25187081 25.010242
 -2.7619851 -3.5632126 24.999435
 -5.6311965 3.893852 24.987734
 5.8763757 -1.9787894 25.011803
 3.1235671 2.5862596 25.005211
 0.76806784 3.4865723 25.01652
 1.9040264 -1.9873303 25.008192
 5.2402835 3.7557633 24.983652
 5.557014 -3.260886 25.003372
 -4.1353955 -0.1655429 24.994427
 -5.4583716 0.99487084 25.040169
 2.5295601 -3.5540521 25.017677
 2.9030659 -0.54627115 24.991648
 -4.0319424 -3.3592203 25.004776
 3.7679665 1.1044282 25.012896
 -6.9684129 -3.6687737 24.991488
 -5.3856292 -2.947777 25.000038
 -6.5502009 -2.5314026 25.011063
 3.4354899 -2.3153095 25.011747
 -4.9386926 -0.43477628 25.001112
 0.89205801 2.0005503 25.048992
 2.8708909 -0.44865963 25.03797
 -1.6043782 0.21211895 24.974487
 -4.226634 2.0432467 25.002031
 1.9945707 0.78933662 25.035318
 -5.7362943 0.54905677 24.988401
 5.1794386 1.1228273 25.00087
 6.3116932 2.4122152 25.028349
 -3.5762305 -0.040059913 24.98387
 4.1766238 -1.9978135 25.033379
 0.8260237 1.5314466 25.03022
 3.7307358 -2.1938577 25.014143
 2.4210088 -3.3732562 25.018581
 3.4153354 -1.5093243 24.995153
 -0.57352167 -1.3922257 24.975189
 6.7962604 -3.6137514 25.053516
 2.7048693 3.3079085 25.015945
 -5.4652004 -2.802562 25.013554
 -1.5831478 0.68666303 24.974066
 -1.8120126 0.46757677 24.985598
 -1.2521192 3.0973122 25.003935
 7.1550608 -1.8480573 25.044655
 -5.2389674 3.1629946 25.001728
 -5.7613568 1.1177895 25.033617
 -2.3417425 -3.094516 25.032608
 1.7326332 1.1731395 25.034348
 5.6818476 1.8665352 25.003775
 6.5019121 -1.978884 25.013535
 -3.2798507 2.9368148 24.988735
 3.6834767 -3.2365162 25.013103
 -7.2336044 0.921772 24.976294
 -1.5730802 1.9295218 24.991499
 -7.1737413 1.409443 24.991766
 6.0328188 0.32510859 25.014521
 1.2381971 1.0576183 25.031719
 1.8475534 2.6543338 25.017868
 -7.1430087 -2.6944399 24.997395
 -0.49097881 -3.3815746 24.991112
 2.5810561 1.0731461 25.027496
 -3.3911076 -2.8903024 24.984045
 0.9309752 1.8937746 25.043072
 -3.4165173 1.1728873 24.960598
 -0.41871816 1.2736291 25.030626
 3.2903998 1.9903519 25.076138
 -0.22393508 -2.1478131 25.021229
 1.6360642 -1.3294981 25.006147
 6.9497294 3.0885429 25.009594
 2.1033118 0.32881927 25.013186
 -2.4101071 -2.25087 24.998297
 7.3376431 2.9038415 25.044456
 5.0468311 -1.5433512 25.008354
 -2.702563 2.1322074 25.015755
 0.83896065 2.2276573 24.989567
 -1.6719854 -2.8455846 24.996725
 2.4175451 2.0735331 25.010317
 -6.2186136 3.4340026 24.989624
 3.08636 -1.809032 24.984833
 6.1232586 1.7707928 24.990593
 -3.2668569 0.72891098 25.018127
 -5.8600984 1.0048443 24.996811
 -2.6538088 -1.0795488 25.037609
 3.5514104 3.6090088 25.04623
 6.6919699 -3.5762768 24.99824
 -1.7577471 -0.94700372 25.007904
 -7.2900801 -2.5936043 24.992516
 4.7565193 -2.3904889 24.998684
 -0.38630289 3.2371917 24.983366
 6.393239 2.3684385 25.04295
 0.36535934 -0.27678365 25.001951
 -5.5898476 -2.9309597 25.023985
 5.642065 -0.62825251 25.051653
 7.4007511 -0.77921802 25.024307
 -7.0160937 -1.464376 25.015701
 2.3446941 3.1994541 24.99044
 1.9948106 2.8133898 24.975908
 1.6029502 1.0383497 25.029448
 -4.923172 -2.316678 25.001055
 2.3935723 -0.29295585 25.051241
 6.7194638 -1.0520998 25.007019
 -0.55353278 1.691025 25.002815
 6.2775302 -3.7137153 25.007578
 -6.9723811 2.2593539 24.994078
 -6.5217962 0.09856306 25.014931
 -4.0028081 -0.91013372 25.012917
 -6.1421866 3.0425038 25.035572
 0.78607875 -3.8876145 25.008722
 1.3512732 -2.8322618 24.979424
 -4.4623919 1.8935102 25.016808
 -5.2208443 -1.6403553 25.034546
 -6.9059739 3.0483477 25.032295
 7.0731068 -3.7764819 24.991159
 4.9220152 -3.0057275 25.032103
 -6.6540456 -3.3983495 25.016499
 3.1920826 -3.2673359 25.01194
 2.9998441 0.29313821 25.067781
 -2.4017212 -0.25627455 25.003086
 -2.966749 -2.4474103 24.99535
 -0.98388612 -2.0378013 25.035936
 -2.2071197 -0.68677735 25.026047
 6.0219665 -3.4976776 24.969038
 6.7810073 -0.91656613 25.018789
 -6.5152755 -2.8161879 25.024073
 3.3824787 -2.5613294 25.025394
 -4.1842265 2.2489109 25.016811
 1.0792141 -3.1271245 25.030729
 6.8396783 -1.5986714 25.051634
 -1.7357486 1.5724344 24.980659
 -4.3320336 -0.13274503 25.000334
 -2.220674 -0.1797272 25.015865
 2.7953553 -1.7918766 24.976559
 -3.0582621 1.1981208 25.015854
 0.76549721 -3.1710095 25.011242
 -3.2375703 2.9584911 24.982328
 -6.3304334 -3.5630379 25.019089
 2.2290509 -3.681217 24.995558
 -5.45082 -3.6609247 24.975304
 -5.530407 -1.1426586 25.003899
 1.7803994 0.93038857 25.03966
 -6.6882787 0.98338145 25.032587
 -1.916394 3.8420777 25.025164
 4.5803432 -2.6361685 25.024273
 6.8076124 0.021154413 25.020477
 7.0438032 -2.9224331 24.997602
 0.72907972 0.59105796 25.006721
 5.2715802 -1.1130308 25.026386
 -4.1773739 -1.6897296 24.97913
 0.31611213 3.6887264 25.035915
 1.1942881 -1.3942112 25.020393
 1.0106524 -2.8101115 25.003206
 -2.3826675 3.2624547 25.027843
 5.7841306 -1.9404255 25.011719
 -1.1476883 0.54300672 25.001617
 -7.3404608 3.5724645 25.005671
 -6.5901294 -0.47262368 25.019358
 2.4395773 -3.5981133 25.030273
 -4.0456114 -3.2920549 24.988783
 -2.1060815 -3.7443657 25.022446
 5.3390765 -1.1880785 25.000053
 -0.60805124 2.4762764 24.979088
 -3.956789 1.5238663 24.999197
 -0.81358546 -0.59978604 25.02993
 -6.0704727 -2.9735551 25.000847
 -1.2112646 -0.77945942 25.043396
 6.9663272 -1.7534611 24.987766
 -7.0422339 2.2910531 25.026199
 -7.0908165 1.1260321 25.031693
 2.379981 0.54546058 25.024487
 -4.1286769 -0.55671299 24.994261
 -1.56358 3.3438675 25.024246
 -7.0276351 -0.4756577 25.000208
 -5.5910177 -0.89194691 25.013783
 -0.93823814 -2.0928862 25.010687
 -4.3840294 2.3437343 25.023773
 5.0173345 -3.5871937 25.0009
 2.0560746 0.88061166 25.017452
 -6.1201873 0.87203461 25.0371
 -4.3870282 -0.91109776 24.989763
 -1.8681189 3.1225362 25.019363
 1.2759248 -1.1418992 25.042154
 5.9331875 2.2013087 24.998219
 -0.33755672 -2.3532102 25.003124
 -3.7386146 -2.6550553 25.007433
 -5.9973392 -1.5757222 25.012218
 6.2797484 1.651159 25.001577
 -7.4269309 -0.43923247 25.030643
 -5.3496919 -1.6444736 25.001905
 3.702215 1.6724943 25.031761
 4.2370725 -0.95045245 25.011299
 3.3848121 0.96747535 25.036028
 6.8715153 3.809761 25.010098
 3.5222762 -0.66716576 25.014599
 -5.4786649 -1.1616254 25.029253
 2.033618 1.215071 24.999163
 4.6912584 -2.1507881 24.996412
 1.4023781 -1.4711159 25.024792
 2.0451429 2.4118612 25.054625
 2.6081972 -0.59341723 25.001818
 2.6744959 -2.0015099 25.023666
 -1.9402161 0.14117366 24.988174
 -4.8047252 -1.4664055 24.989887
 4.5795321 1.753484 25.01153
 0.019230561 -0.079183094 25.004528
 5.7202272 0.85306454 25.009094
 2.7173109 3.2962384 25.018044
 5.37709 -2.340595 25.002693
 -0.23230766 0.70223445 25.01812
 -0.61248118 0.20495033 24.996387
 -4.7479086 -2.4095588 25.027029
 -1.795378 -1.5495385 24.996532
 3.0243809 -0.17604016 25.019688
 -4.694171 2.4940612 25.013788
 2.8453102 2.7435129 25.049158
 -6.0022306 1.058239 25.010021
 4.4287186 2.3546467 25.035269
 -3.5131826 1.5938135 25.03307
 -6.8736253 0.75798899 25.016851
 2.3305581 2.0817683 24.99011
 5.743124 -0.24927036 24.996929
 5.6987586 -1.6482882 24.988459
 -0.61828309 -3.3137677 25.025084
 3.3882043 3.5028679 25.010708
 4.0325379 0.25464356 25.010895
 3.3807538 -3.4770205 25.022308
 0.01910395 -3.7378275 25.001564
 -5.4203386 2.0471265 25.02566
 -3.4788282 -0.63707578 24.997679