-6.7725964 -3.5059257 24.985689
 -6.5549846 -3.0372887 25.00326
 -6.3332109 -2.5826123 24.992853
 -6.1140127 -2.1436763 25.000826
 -5.8903975 -1.7213575 24.990078
 -5.6768451 -1.310644 24.999893
 -5.4519234 -0.9176088 24.987646
 -5.2531867 -0.54544622 25.079205
 -5.0185041 -0.18351957 25.025934
 -4.7982149 0.16344953 25.007669
 -4.5760584 0.49248159 25.006359
 -4.359849 0.80951399 25.02062
 -4.1371317 1.1088448 25.003471
 -3.917603 1.3901395 25.016367
 -3.6927054 1.6557868 24.984524
 -3.4870982 1.9099194 25.065384
 -3.2571387 2.1456599 25.020761
 -3.0359151 2.3605134 25.004385
 -2.8211441 2.5695169 25.035742
 -2.5944338 2.7548723 24.986389
 -2.3702235 2.9234703 24.966534
 -2.1546192 3.0849581 25.004728
 -1.9375483 3.2243228 24.990347
 -1.7162585 3.3496108 25.020149
 -1.4960346 3.4622858 25.027126
 -1.2735568 3.5507531 24.988375
 -1.0532976 3.6316068 25.010475
 -0.83800662 3.696429 25.000658
 -0.61312008 3.740983 24.995224
 -0.3953537 3.7733848 24.999226
 -0.17554739 3.7949502 25.029589
 0.043956436 3.7930255 25.011395
 0.26518095 3.7745383 25.001049
 0.48366392 3.7473674 25.025484
 0.70658123 3.6958723 24.997437
 0.9235782 3.6395047 25.023523
 1.1464753 3.5553553 25.023684
 1.367252 3.4587708 24.997269
 1.5840305 3.3473434 25.006802
 1.8063458 3.2250812 24.991817
 2.022547 3.0839369 24.993269
 2.24631 2.9225595 24.992197
 2.4666197 2.7548361 25.0282
 2.6914864 2.5707433 25.05258
 2.9080124 2.3628032 25.02224
 3.12287 2.1448052 25.00281
 3.3476379 1.9083853 25.007456
 3.568927 1.6605065 25.042835
 3.7788291 1.3861164 24.968248
 4.0024714 1.1036304 24.97748
 4.2215791 0.80939949 24.996616
 4.4541216 0.49288788 25.045681
 4.6719666 0.16452405 25.031084
 4.8844657 -0.18340702 25.019119
 5.1076746 -0.54282296 25.015602
 5.3250151 -0.91771787 24.994513
 5.5411692 -1.309705 24.986382
 5.7746224 -1.7213799 25.040243
 5.991498 -2.1445978 25.017118
 6.2060304 -2.5838466 25.010614
 6.426209 -3.0411398 25.015083
 6.6415153 -3.5050375 24.993553
 6.8673573 -3.9966912 25.011253