-6.7685876 -3.647939 25.193869
 -6.48773 -3.2842159 25.198071
 -6.2080388 -2.9362085 25.203865
 -5.9242635 -2.6037455 25.197308
 -5.6412077 -2.2865703 25.194572
 -5.3578873 -1.9857559 25.190716
 -5.0735168 -1.7005224 25.186377
 -4.7907829 -1.4325018 25.181353
 -4.5082545 -1.1783879 25.181484
 -4.2245421 -0.94201815 25.175379
 -3.943964 -0.7207033 25.182112
 -3.6607401 -0.51476222 25.176306
 -3.378711 -0.32413509 25.179132
 -3.096247 -0.15213421 25.176573
 -2.8132966 0.007888047 25.168499
 -2.5308025 0.14895223 25.164577
 -2.2505729 0.27549505 25.167086
 -1.9688249 0.38648778 25.167395
 -1.6858745 0.48165241 25.17474
 -1.4038799 0.5608201 25.170076
 -1.1224151 0.6243614 25.173176
 -0.84106112 0.67162454 25.171772
 -0.55973816 0.70260245 25.171476
 -0.27792346 0.71838528 25.166872
 0.0058189603 0.71880454 25.173492
 0.28609264 0.70177615 25.175419
 0.56855053 0.67122591 25.167919
 0.84984547 0.62232983 25.162045
 1.1330577 0.56036234 25.173908
 1.4150391 0.48152426 25.160221
 1.6972398 0.38616997 25.169659
 1.9791172 0.2760132 25.168308
 2.2606432 0.1492524 25.168585
 2.5437691 0.006024099 25.175625
 2.8238721 -0.15019344 25.166973
 3.1070447 -0.32543778 25.179583
 3.3882954 -0.51458424 25.175539
 3.6733675 -0.72145265 25.189415
 3.9525442 -0.94141424 25.177834
 4.235424 -1.1790222 25.178644
 4.5193653 -1.4322078 25.183422
 4.8033471 -1.7002916 25.190401
 5.0864382 -1.9874076 25.195423
 5.364893 -2.285131 25.183111
 5.6490784 -2.6029642 25.189966
 5.9352703 -2.9383812 25.204868
 6.2134285 -3.2838044 25.189793
 6.5033426 -3.6499696 25.215319
 6.7795706 -4.0275235 25.194757