-6.7565184 -3.4939322 24.960863
 -6.5474668 -3.0279934 24.993708
 -6.3259211 -2.5720351 24.985857
 -6.1096277 -2.133883 25.002563
 -5.8815064 -1.7123666 24.983652
 -5.6720753 -1.3018926 25.012011
 -5.4512258 -0.9119212 25.017153
 -5.2254429 -0.53181767 24.990084
 -5.0065546 -0.17323688 24.999414
 -4.7901859 0.17321685 25.005947
 -4.5654645 0.50244004 24.98962
 -4.3482761 0.81618166 25.005888
 -4.1281133 1.1147188 24.996943
 -3.9067221 1.3984435 24.988192
 -3.6863232 1.6628517 24.996519
 -3.4670346 1.914708 24.997995
 -3.2474945 2.14902 24.990444
 -3.0268569 2.3692212 24.986107
 -2.8075612 2.5737767 24.997919
 -2.5876877 2.7629936 24.985865
 -2.3652146 2.9336383 24.994072
 -2.1481147 3.094063 25.031137
 -1.9276271 3.232739 24.991159
 -1.7062342 3.3585873 24.994076
 -1.4858706 3.4664268 24.997562
 -1.2702985 3.5660071 25.010714
 -1.0469655 3.6427882 25.020798
 -0.82969648 3.7074466 25.02392
 -0.60697979 3.7495723 24.997202
 -0.38853547 3.7872448 25.02346
 -0.16526498 3.7979336 25.012276
 0.053210091 3.8010747 25.027716
 0.27164531 3.7846763 25.008299
 0.49183279 3.7534542 25.011568
 0.7157917 3.7025058 25.016104
 0.9341436 3.6376004 24.994865
 1.1528267 3.5653114 25.01869
 1.3749536 3.4728956 25.023661
 1.5937836 3.3591154 25.011003
 1.812372 3.2347987 25.002985
 2.0328877 3.091701 24.999804
 2.252749 2.9387975 25.021511
 2.4731562 2.7650962 25.021816
 2.6946259 2.5735018 25.009954
 2.9116447 2.370481 25.000057
 3.1377478 2.1509991 25.038046
 3.3570309 1.9159666 25.034494
 3.577635 1.6645726 25.024019
 3.7895491 1.3973289 24.988073
 4.0133781 1.1134882 25.001833
 4.2341766 0.81785065 25.013948
 4.4497304 0.50318187 24.994465
 4.6760302 0.17224257 25.023252
 4.893436 -0.17284453 25.003719
 5.1176119 -0.53468001 25.019722
 5.3314161 -0.90918702 25.006315
 5.5498443 -1.3019165 24.991152
 5.7729373 -1.7121693 25.013666
 6.0008836 -2.1386614 25.043974
 6.211246 -2.5724242 24.993242
 6.430284 -3.0292714 24.989624
 6.6530671 -3.499347 24.999519
 6.8696194 -3.9860814 24.991308