-6.8086429 -3.5262866 25.122496
 -6.5881295 -3.0531301 25.124598
 -6.3648729 -2.5933564 25.115774
 -6.1434445 -2.1510341 25.113991
 -5.9233017 -1.7270797 25.11655
 -5.7003064 -1.3180062 25.114416
 -5.4829135 -0.92288893 25.119076
 -5.261745 -0.54567051 25.119213
 -5.0371675 -0.18226157 25.116934
 -4.8192143 0.16531485 25.121784
 -4.5973644 0.49579206 25.119158
 -4.3760905 0.8099103 25.118536
 -4.1564131 1.1099946 25.123899
 -3.93542 1.3941524 25.120464
 -3.7139962 1.6624053 25.119892
 -3.4903488 1.9137077 25.113766
 -3.2726948 2.1530838 25.122046
 -3.0506861 2.3734584 25.118433
 -2.8289375 2.5758238 25.112133
 -2.6072023 2.7661383 25.117447
 -2.3858647 2.93922 25.118433
 -2.1652286 3.0993693 25.125912
 -1.9437068 3.2391627 25.114897
 -1.7245136 3.3656199 25.121294
 -1.5026616 3.4774404 25.122309
 -1.2822226 3.5708103 25.119589
 -1.059279 3.6495757 25.112419
 -0.83956689 3.7137794 25.123077
 -0.6172114 3.7591648 25.113609
 -0.39790812 3.7937341 25.125156
 -0.17715511 3.8098993 25.127443
 0.045627233 3.8079138 25.117773
 0.26677343 3.7911057 25.11927
 0.48881167 3.7603815 25.117104
 0.70802438 3.7127166 25.120678
 0.92822117 3.6515291 25.124155
 1.1510961 3.57056 25.113653
 1.3703687 3.4769137 25.119907
 1.5923007 3.366416 25.113457
 1.813915 3.2407646 25.124826
 2.0340693 3.0984497 25.120653
 2.2566013 2.9403574 25.123451
 2.4773049 2.7656991 25.118631
 2.6975706 2.5767078 25.117331
 2.9181514 2.3743982 25.121786
 3.1378791 2.1528907 25.120081
 3.362093 1.9154444 25.12011
 3.5820224 1.6639197 25.121466
 3.8045309 1.3947661 25.121222
 4.0231824 1.111799 25.11903
 4.2449422 0.81157172 25.121574
 4.4644785 0.49635595 25.118734
 4.6860504 0.16445778 25.117893
 4.9074087 -0.18054461 25.114775
 5.1274405 -0.54554564 25.120358
 5.3484035 -0.92234176 25.115265
 5.5717573 -1.3182306 25.117531
 5.790204 -1.7268794 25.112089
 6.0106268 -2.153712 25.11397
 6.2338953 -2.5962203 25.115484
 6.4544411 -3.0522161 25.120325
 6.6768866 -3.5265465 25.121996
 6.9004011 -4.017323 25.128839