-5.8554969 -0.51716876 21.032419
 -5.5806303 -1.3311729 23.40357
 1.5042075 1.993745 27.65378
 4.6099243 2.8734472 24.968281
 1.0268499 -0.35557374 20.816639
 -2.9103823 -0.43126306 24.360489
 -6.1012754 -1.8340819 23.482119
 -2.9052777 -1.6891862 21.207712
 4.5712414 2.8097091 22.905838
 -5.5106773 -1.1943672 23.055202
 1.6028614 -2.9399796 23.45241
 1.5356163 0.042375367 29.438591
 -0.36715117 1.0837034 22.649651
 -3.7821684 -1.5568819 22.032187
 -4.0681014 -2.7575998 28.474197
 5.5083513 -1.6706506 22.365927
 4.3567624 -0.17886133 20.84123
 0.58244199 -1.2058777 26.507023
 -6.4800758 1.3526384 26.279028
 -1.3518053 -1.7648787 27.875525
 -2.141633 -0.29838094 25.897408
 3.4803889 -0.5961951 29.931286
 0.1078103 -1.6469823 22.969133
 1.1981243 0.22044477 20.199284
 0.73056525 2.3642366 28.368021
 -0.83073908 0.53112352 22.865011
 -5.0307155 2.9247289 23.265114
 -3.9791353 2.72908 20.195572
 4.8970366 -1.6241617 23.181551
 2.5276775 -0.98204917 24.641012
 -1.9122536 0.090607621 24.120602
 4.4281983 1.4127439 21.58243
 -2.2995071 1.0052193 28.187889
 1.9562755 2.2829585 25.869759
 5.9749489 0.93364537 28.272608
 4.3599234 0.92736882 27.939211
 -2.250313 1.2609994 22.774597
 -6.2129664 2.7463219 26.255884
 -4.8537774 -2.8981287 28.02573
 3.0546362 1.2691413 23.335159
 -2.7144711 -2.4736149 29.305464
 2.7793152 0.087429583 29.061682
 -5.9063816 -2.2317271 30.016979
 0.10342009 -0.18160453 27.011547
 5.272408 -2.4629436 24.733837
 -5.0517931 -0.024412652 28.515518
 2.9285791 -0.17462362 25.962902
 -4.4979615 2.7117331 23.634508
 5.3690062 -1.5787665 27.219215
 6.4367456 0.46940783 27.163033