-6.7685876 -3.647939 25.193869
 -6.48773 -3.2842159 25.198071
 -6.2080336 -2.9362059 25.203842
 -5.9230919 -2.6042807 25.193918
 -5.6412044 -2.2865691 25.194559
 -5.3578873 -1.9857559 25.190716
 -5.0730629 -1.7009341 25.186619
 -4.7907829 -1.4325018 25.181353
 -4.5082545 -1.1783879 25.181484
 -4.2249565 -0.94091856 25.17988
 -3.9445446 -0.72110218 25.180555
 -3.6607401 -0.51476222 25.176306
 -3.378711 -0.32413509 25.179132
 -3.096247 -0.15213421 25.176573
 -2.8132966 0.007888047 25.168499
 -2.5308025 0.14895223 25.164577
 -2.2505729 0.27549505 25.167086
 -1.9688249 0.38648778 25.167395
 -1.6858745 0.48165241 25.17474
 -1.4038799 0.5608201 25.170076
 -1.1224151 0.6243614 25.173176
 -0.84106112 0.67162454 25.171772
 -0.55973816 0.70260245 25.171476
 -0.27792346 0.71838528 25.166872
 0.0058189603 0.71880454 25.173492
 0.28609264 0.70177615 25.175419
 0.56855053 0.67122591 25.167919
 0.84984547 0.62232983 25.162045
 1.1330577 0.56036234 25.173908
 1.4150391 0.48152426 25.160221
 1.6972398 0.38616997 25.169659
 1.9791172 0.2760132 25.168308
 2.2606432 0.1492524 25.168585
 2.5437691 0.006024099 25.175625
 2.8238721 -0.15019344 25.166973
 3.1070447 -0.32543778 25.179583
 3.3882954 -0.51458424 25.175539
 3.6733675 -0.72145265 25.189415
 3.9523776 -0.94235617 25.178808
 4.2348204 -1.1787646 25.176134
 4.5178647 -1.432101 25.179375
 4.8004866 -1.7004907 25.185253
 5.0822201 -1.9857318 25.185005
 5.3643179 -2.2855079 25.178644
 5.6510801 -2.603951 25.193735
 5.9357138 -2.9377749 25.200813
 6.2134285 -3.2838044 25.189793
 6.5033426 -3.6499696 25.215319
 6.7777996 -4.0275187 25.190697