-6.7749519 -3.5061543 24.995039
 -6.5545177 -3.0328293 24.962801
 -6.3459029 -2.5846603 25.027719
 -6.1228676 -2.142045 24.995584
 -5.9099612 -1.7191542 25.016047
 -5.6765962 -1.3113176 24.996178
 -5.4607372 -0.92119598 25.025431
 -5.2458253 -0.54270071 25.043892
 -5.0162902 -0.18079634 25.002876
 -4.7959428 0.16444473 24.998922
 -4.5881643 0.49540347 25.042963
 -4.3663239 0.80928266 25.004702
 -4.1339841 1.1055837 24.981659
 -3.9206693 1.3896987 25.009508
 -3.6975188 1.6557684 24.984877
 -3.4767179 1.9080061 25.010933
 -3.2628086 2.1466408 25.034689
 -3.0343876 2.3616219 24.987711
 -2.8186679 2.5671065 25.02442
 -2.5975912 2.7535374 25.011683
 -2.3824203 2.929759 25.024141
 -2.1634052 3.0889673 25.040104
 -1.9385208 3.2286949 25.019892
 -1.7198435 3.3527911 25.023655
 -1.498984 3.4626815 25.00362
 -1.2804915 3.5611706 25.059443
 -1.0573667 3.6335421 25.006834
 -0.83939344 3.7042382 25.065456
 -0.61626846 3.7400453 24.979483
 -0.39585254 3.7771847 25.018526
 -0.17475122 3.792465 25.027386
 0.041903891 3.794626 25.021534
 0.2648339 3.7783151 25.028181
 0.48398718 3.7455099 25.021231
 0.70659184 3.6947598 25.016853
 0.92364597 3.6344159 25.013237
 1.1441506 3.5582597 25.030014
 1.3642948 3.4605105 25.00172
 1.5825934 3.3475397 24.987286
 1.8034855 3.2209744 24.982662
 2.0216644 3.0845835 24.98863
 2.2401092 2.9278998 25.00123
 2.461508 2.754756 25.008364
 2.6778436 2.5656424 24.97958
 2.8966808 2.3611681 24.972387
 3.1178393 2.1427865 24.977602
 3.3402786 1.9090711 24.995552
 3.5545576 1.6557059 24.988003
 3.7758527 1.3904812 24.975695
 3.9971409 1.1065452 24.987917
 4.2175856 0.80921477 24.991343
 4.4334764 0.49467057 24.965708
 4.6627727 0.16525896 25.006838
 4.882853 -0.18051596 25.015924
 5.087213 -0.53800029 24.944151
 5.3119602 -0.91649538 24.964272
 5.5325947 -1.3107543 24.975197
 5.7499304 -1.717533 24.967106
 5.9724007 -2.1390967 24.974998
 6.1900687 -2.5786295 24.977114
 6.4158592 -3.0360215 24.98666
 6.6359868 -3.5063012 24.985476
 6.8572507 -3.9956839 25.000898