5.1410685 -0.091634572 28.575768
 -0.31169939 0.72089583 29.464636
 -3.4470983 -1.9930532 24.095486
 -5.0683937 -1.350192 21.338638
 2.6418073 -1.1665356 27.967093
 0.47534847 2.8279998 28.368547
 3.7940338 1.9425112 26.04586
 -2.9436905 0.70283359 24.234138
 5.2981138 -0.40760106 24.481142
 4.3581538 0.11860369 28.797792
 2.4226429 -0.93917853 28.871403
 -2.6788776 -0.93675572 26.111563
 -5.6496806 -2.1991858 25.945286
 -4.6172509 1.2239563 20.544659
 -5.4463582 0.187271 24.957424
 -4.3905568 -1.4052136 27.541189
 -5.4554658 -0.13705729 25.384163
 -6.4900441 2.2764363 26.722569
 -2.2122064 -2.8501241 28.543814
 5.8930421 1.6223313 24.776745
 6.5400414 0.80221659 23.986315
 2.0496991 1.4697667 21.029774
 -1.8631046 3.0159421 29.940117
 -0.90009958 -1.526734 21.5368
 1.1473331 -0.3211543 22.255404
 -4.8099747 2.0229611 20.276682
 -3.6287775 -1.9625674 21.734674
 2.3754454 0.97547793 29.388233
 -5.134943 -1.9160473 28.762375
 -4.6253452 -1.8705387 29.742018
 5.3244405 2.6509514 26.333305
 -0.83039796 -1.4168587 20.707973
 -0.40427256 2.9843442 25.415819
 -4.4843621 1.361804 23.110073
 1.4300232 -0.098068625 25.457256
 1.4291905 2.6651611 24.275848
 -1.1547482 0.87676352 27.370716
 -0.61535645 0.431218 25.559834
 -6.4348292 0.56834841 26.443121
 5.044241 -0.083905943 29.037624
 -3.0780065 -1.3329353 22.575073
 -5.2003598 2.551636 26.342335
 1.5238534 -0.4706696 20.839584
 -1.5277901 1.0525553 25.88555
 -0.090758137 -2.1462862 26.99165
 -3.6605947 -2.9547422 21.429756
 -6.0994864 1.0036417 25.815554
 5.030323 2.7151282 30.194561
 -3.2884352 -0.3970173 22.423203
 4.7746816 -0.0077487985 25.745493