-6.757555 -3.4947627 24.962894
 -6.544313 -3.0271904 24.983765
 -6.3277507 -2.5733268 24.995304
 -6.1073055 -2.1353941 24.999308
 -5.8850956 -1.7098095 24.984478
 -5.6682024 -1.3031631 24.998104
 -5.4482074 -0.90962869 24.990421
 -5.2267785 -0.53139919 24.983799
 -5.0033832 -0.17205457 24.970673
 -4.7865572 0.17318709 24.985085
 -4.5649695 0.49884206 24.995405
 -4.3485246 0.81666481 24.998981
 -4.1260796 1.1130327 24.993984
 -3.9028907 1.3949975 24.975836
 -3.6849666 1.6616278 24.99085
 -3.4691713 1.9147508 25.003819
 -3.24505 2.1481049 24.992504
 -3.0284662 2.3695333 25.007374
 -2.8064272 2.572634 24.993565
 -2.5866811 2.7613418 25.004669
 -2.3687811 2.936161 25.01263
 -2.1477804 3.0920851 25.015841
 -1.9261261 3.2321548 24.998175
 -1.7067916 3.3584208 25.002573
 -1.486652 3.4662797 25.005569
 -1.2662671 3.5603645 24.984379
 -1.0451403 3.637099 24.991135
 -0.827075 3.7037349 25.003994
 -0.60592586 3.7490273 24.997162
 -0.38628155 3.781054 24.99968
 -0.16748655 3.8002806 25.007917
 0.05403585 3.797241 25.003752
 0.27252603 3.7807791 24.991821
 0.49355957 3.7527223 25.021452
 0.7135039 3.7047408 25.016012
 0.93353623 3.6419377 25.011122
 1.1526833 3.5625954 25.00391
 1.3736669 3.4693043 25.011078
 1.5925355 3.3591907 25.004723
 1.8115071 3.2318895 24.986937
 2.0334208 3.0939264 25.018202
 2.2535794 2.9354551 25.016357
 2.4716036 2.7597997 24.985285
 2.6935449 2.5738204 25.006617
 2.9126849 2.3698123 25.007519
 3.1304529 2.1485326 24.993158
 3.3557494 1.9147691 25.007679
 3.5731595 1.6645864 25.013783
 3.7928026 1.396992 25.009293
 4.0167651 1.1159731 25.030491
 4.2362132 0.81722903 25.023119
 4.4523172 0.50319028 25.004848
 4.67663 0.17353246 25.027645
 4.8964276 -0.17504916 25.015278
 5.1097922 -0.53270352 24.994455
 5.3309994 -0.91063082 24.99168
 5.5515876 -1.3021839 24.999454
 5.7698188 -1.7098852 24.995321
 5.9956045 -2.1369038 25.026054
 6.215414 -2.5768812 25.008091
 6.4324594 -3.0316765 24.998322
 6.6505303 -3.4996121 24.999435
 6.8732142 -3.9884412 25.012733