-6.8074393 -3.5354226 24.994987
 -6.5866966 -3.0759611 24.994022
 -6.3655529 -2.6318781 24.999962
 -6.1449194 -2.2002954 24.99819
 -5.9222889 -1.7859402 24.992647
 -5.7004738 -1.3874491 24.988855
 -5.4809966 -1.0058827 25.002642
 -5.2617741 -0.6386714 24.998573
 -5.0369105 -0.28939071 24.992142
 -4.8178163 0.046712704 24.996216
 -4.5956368 0.36466134 24.990318
 -4.3737259 0.66833246 24.989672
 -4.1567049 0.95784652 24.99868
 -3.9335127 1.2289633 24.998585
 -3.7131586 1.4868244 24.996866
 -3.490623 1.7267131 24.997969
 -3.2712393 1.9509691 24.994753
 -3.0508285 2.1611352 25.00329
 -2.8300431 2.3524296 24.998426
 -2.6070497 2.5299885 24.991913
 -2.3863795 2.6915898 24.996763
 -2.1658292 2.8367257 24.998991
 -1.9439528 2.9684317 24.990042
 -1.7235953 3.0799735 24.990759
 -1.5017071 3.1819577 24.999762
 -1.2817652 3.2627954 24.995832
 -1.0612942 3.3301351 24.997219
 -0.83880603 3.3825464 25.002972
 -0.61704987 3.4182153 24.997328
 -0.39809769 3.4372404 25.001162
 -0.1773794 3.4410565 25.000008
 0.04573008 3.4288962 24.994297
 0.26607031 3.4021301 24.992216
 0.4866465 3.3576331 25.000978
 0.70712835 3.2994349 25.002392
 0.92982048 3.2249835 24.998005
 1.1496371 3.1329594 25.001703
 1.3708718 3.0287569 24.997276
 1.592711 2.904597 24.992384
 1.8141508 2.7658167 24.995548
 2.0347056 2.6117656 24.993828
 2.2551949 2.4438684 25.000021
 2.4767106 2.2581096 24.994196
 2.6974852 2.0565293 24.997406
 2.9196825 1.8404595 24.997759
 3.1411104 1.6066858 24.998724
 3.359334 1.3579582 24.991835
 3.581646 1.0953307 24.990732
 3.8049102 0.8152371 25.004387
 4.0236235 0.51981539 24.99855
 4.2436743 0.20974521 24.994314
 4.4644442 -0.11950614 24.996771
 4.6884151 -0.46151158 25.001427
 4.9084568 -0.8198368 25.000784
 5.1302075 -1.1961794 24.999809
 5.350698 -1.5872102 25.005104
 5.568253 -1.9923347 24.994181
 5.7915797 -2.4141464 24.995565
 6.0129738 -2.8512487 24.994621
 6.2324109 -3.3054123 24.990417
 6.4578223 -3.7748384 25.000328