-6.7475476 -3.6346505 25.118153
 -6.4672217 -3.2757525 25.124887
 -6.1835237 -2.9262428 25.120571
 -5.9035525 -2.5954301 25.116665
 -5.6221442 -2.279587 25.113106
 -5.3401542 -1.9802251 25.114965
 -5.0599914 -1.6948375 25.118284
 -4.7779055 -1.4272573 25.118164
 -4.496428 -1.1763765 25.123217
 -4.2164636 -0.93958813 25.117304
 -3.9337461 -0.71879143 25.11014
 -3.6526098 -0.51240659 25.111513
 -3.3702626 -0.3227886 25.113705
 -3.091958 -0.15111494 25.127857
 -2.8096712 0.007363175 25.121756
 -2.5265493 0.14873892 25.125319
 -2.2453172 0.27654397 25.112253
 -1.963094 0.38624105 25.117224
 -1.6826365 0.4793568 25.121828
 -1.400913 0.55937535 25.116678
 -1.1208149 0.62308371 25.115858
 -0.83880734 0.66984725 25.116598
 -0.5567674 0.70171678 25.112209
 -0.27694359 0.71535689 25.118782
 0.0051205382 0.71522057 25.118378
 0.28560829 0.70089835 25.114687
 0.5671674 0.67028964 25.121508
 0.84986275 0.62280071 25.119499
 1.1305974 0.55826378 25.117132
 1.4132203 0.48068765 25.131432
 1.6926614 0.38769946 25.125719
 1.9749199 0.27549621 25.121466
 2.2552488 0.15077528 25.117615
 2.5363045 0.0078270463 25.12179
 2.8190055 -0.15056539 25.126637
 3.0998125 -0.32354128 25.123039
 3.3797164 -0.51317883 25.116383
 3.6608229 -0.71874404 25.120304
 3.9432027 -0.93786222 25.122107
 4.2246132 -1.1754228 25.122501
 4.5058579 -1.4284531 25.125656
 4.7848878 -1.6965296 25.113337
 5.0685263 -1.9782896 25.113953
 5.3526397 -2.2805088 25.126156
 5.6305809 -2.5945694 25.115816
 5.9141102 -2.9283535 25.126034
 6.1933117 -3.2718532 25.117929
 6.4773245 -3.6375718 25.119682
 6.7602181 -4.0168791 25.126451