6.8066945 -0.61991191 25.025476
 -6.7659721 2.3839021 25.008358
 7.0936723 1.3212757 25.011944
 -7.235292 -0.72464991 24.985542
 -0.024857953 -0.58994204 25.01132
 -4.5658526 2.1043901 24.998243
 0.3618696 2.2242436 25.008598
 2.9266202 -2.0299621 25.013403
 1.208745 1.3065078 25.013269
 4.5361629 0.51713878 25.025478
 -3.8734972 -0.85987109 24.98373
 6.3175526 -3.2490671 24.993191
 -3.9168723 2.9309218 24.997595
 4.1421928 3.606293 24.994318
 -3.0090973 -2.1229465 24.997515
 -1.2837112 -3.3901653 24.986105
 -2.1057606 -1.6152176 25.001738
 -0.39869234 1.6931931 24.983437
 -4.4489102 -1.3344896 24.98608
 -0.4558582 -2.4236996 25.012369
 -1.5402297 -0.43706676 25.011431
 -1.7145289 3.033819 25.00119
 -4.8450742 -2.3952963 25.002674
 5.8838158 -2.4899428 25.003511
 2.1972699 -1.8246741 24.998247
 -3.6418877 -3.7422991 25.004169
 2.5999272 -0.84801227 25.022125
 -7.1544094 -3.7921133 25.020657
 5.6643085 -0.20222367 25.042055
 -5.2599988 2.822057 24.997492
 -4.3067188 0.40745997 24.985247
 5.5552478 2.2014527 25.016855
 3.6108208 -0.14364257 25.026718
 5.4496903 -0.70539683 25.018402
 4.8787079 -0.43634164 25.041952
 4.8125901 1.5524814 25.012268
 6.4962711 -0.4295682 24.98241
 -6.0193872 0.14378598 25.003771
 3.112463 0.075060621 24.98863
 3.9651268 2.9389188 25.016956
 5.1768856 -1.4909538 25.002394
 -3.5655982 -1.9628782 24.99596
 3.1698334 -2.3891985 25.003609
 5.5916147 0.0046793316 25.033417
 5.897872 -1.3922852 24.993967
 -3.8865254 2.1934164 25.01989
 6.073606 -1.253444 25.034054
 4.5080276 -1.5185263 25.038399
 0.73773986 -3.3935881 25.026094
 5.926806 2.1850257 25.014793
 6.1394911 -2.0198739 25.002192
 -4.4758043 1.2387294 24.985395
 5.7312875 -2.3492625 25.030973
 3.0737255 -1.7208312 24.981802
 -6.6122546 -0.68045163 25.008442
 -5.6963859 -0.090272002 25.021166
 0.47819129 -0.44867286 25.003265
 0.22935402 -0.094328247 25.007263
 -3.2801991 -2.7987909 24.983858
 -1.921562 2.8122799 24.99748
 4.7519689 0.5682748 25.017076
 1.9569508 -2.6424043 25.023026
 4.5767307 -0.78385568 25.03364
 0.36405793 -0.76205182 25.000305
 3.5941164 -0.6794427 24.991894
 7.1850629 3.126698 25.016132
 5.4529681 -1.8262696 25.022816
 7.0042381 -1.9495983 25.010382
 3.6608193 1.5229411 25.041649
 4.6783595 -0.15461507 25.015581
 0.7063517 -3.5963621 25.030867
 -1.2259605 0.30985489 24.986715
 -2.1937933 0.014331699 25.015982
 2.2375963 -0.75631404 24.988483
 -6.3254952 0.83415425 24.977493
 1.4665542 3.5266652 25.034195
 7.0324788 -3.1003721 25.001814
 6.1829739 0.94568717 25.016706
 7.4943314 -3.7739892 25.022259
 -0.1394255 2.9850676 24.978369
 0.77377105 1.5554153 25.018213
 5.3541937 1.227423 25.016634
 2.069252 -0.79598594 24.986315
 -0.44735608 -3.6862688 25.00971
 -4.6371841 -0.28511971 24.986801
 -2.0573142 -3.3911796 24.995411
 -7.1534567 -1.9483159 25.003597
 3.8048439 2.6471353 25.051786
 -4.8682008 3.7386684 24.964211
 4.570539 2.8516207 24.990297
 -7.3667431 -1.1850371 25.033636
 4.6458302 3.183867 24.995405
 1.7566228 -3.6017528 24.98329
 -2.1201591 0.32284832 24.981937
 4.5739975 -3.0193923 25.003275
 3.3574243 0.4940944 25.037792
 3.4820514 -1.1406753 24.999918
 3.096184 -0.3859145 25.058605
 -1.2525961 2.4780107 25.038349
 -1.8826666 3.5781171 24.985823
 -4.5329604 0.89915091 25.020554
 1.1111609 -2.860492 25.022724
 -4.8213229 2.5312119 25.00037
 6.7511411 -2.9399028 24.990721
 -0.5484342 -3.0830946 24.996901
 -2.859905 -3.3079312 25.011541
 -0.23799984 -0.66246527 25.024113
 -0.89366001 0.031802576 25.02569
 -0.42336643 3.1018236 25.053802
 -0.55934727 -3.0009925 25.028286
 2.9312127 0.99671018 25.024799
 5.268146 2.3768983 25.002396
 -7.1095428 1.2822417 25.01144
 -4.6495976 1.6277471 24.976736
 -0.10823903 2.7705209 25.011904
 -5.849854 0.84590113 25.012316
 0.45540011 0.12181877 25.0072
 5.8127761 2.7476521 25.008327
 1.5033619 -1.6232113 25.019388
 1.3207904 -3.5449154 25.02026
 -1.9721751 2.3505635 24.995646
 3.3546903 2.2478845 25.006115
 3.909832 0.75444138 24.999393
 -4.2478776 -2.6216397 25.029675
 3.148525 1.1035084 24.977137
 -3.2592342 1.4558802 24.997894
 3.1116626 -0.27103451 24.979525
 0.6738506 -3.5510602 25.017969
 4.4756603 1.2826965 25.020288
 -6.050478 0.20645855 25.010117
 -6.957159 -3.7900584 24.995218
 -6.309041 -2.1016204 25.002783
 6.7677999 -1.0875946 25.008221
 -0.31380528 -2.1752889 25.040163
 3.8869503 2.6270542 24.997766
 -4.0342016 0.087421738 25.005941
 0.69716567 -0.43606853 25.051727
 6.0822535 3.7065246 25.018002
 4.466845 3.4631913 25.019812
 3.7820311 1.625754 25.037046
 -7.1598568 1.3087848 24.98698
 -2.3697503 2.8509264 24.989136
 -2.9780471 -1.1867408 25.047516
 -0.49304771 2.2022953 25.010286
 6.4475927 -2.47241 25.030991
 -3.7411809 1.2592601 25.015799
 6.360641 -1.662663 25.021278
 4.6154122 -2.4323549 25.010504
 -0.83885646 -1.3585072 24.998013
 2.891408 0.052616652 25.030334
 -3.2593238 0.55286336 24.987904
 -4.8529334 2.7510855 25.008194
 -4.7432342 -0.91565478 25.006096
 4.9559283 2.500633 24.982496
 -2.6462064 1.9260811 24.991974
 -1.9758044 -1.4088353 25.00182
 -4.1676636 -3.1697025 25.013672
 -4.2238522 0.39777038 25.0205
 -6.8221221 -1.1937256 25.003794
 5.9940491 -1.6014076 25.030525
 -2.3211682 -2.9597523 24.986542
 3.3997421 -0.84815544 25.01182
 -7.3662453 2.5383561 25.000679
 -1.4038966 0.4333111 24.99015
 -0.69148141 2.2445381 24.998569
 0.1887528 -2.6221082 25.00375
 6.8328581 -0.75273824 25.023397
 -1.8884821 1.2927864 24.989614
 6.9428706 2.4309795 25.004656
 -4.5902724 -0.44990164 24.996099
 -4.0576844 2.1286509 25.017879
 2.0616369 0.55506945 25.007868
 -5.0133562 3.6870573 24.997847
 -5.5433364 0.59561431 25.018084
 -0.37999648 0.087563775 25.014889
 5.7033372 -3.5335748 25.005007
 -0.56664914 -0.060308218 25.016031
 3.3763602 -3.3091712 25.009407
 -6.1162333 2.6046388 25.036448
 -1.0902582 -1.9851489 25.001104
 3.9635372 2.3803656 25.020096
 2.1536868 2.5333467 25.003489
 1.0540348 -2.9118345 25.017572
 3.5192602 2.8783653 25.04003
 3.3512661 3.8558233 25.027342
 5.2460322 1.0900624 25.042633
 5.6809244 -3.2745519 25.019573
 7.3076835 1.9525092 24.978415
 -1.2676802 1.8619342 25.002701
 2.3670123 -0.5527733 25.00457
 -3.2621541 -3.3151526 25.001999
 5.0643244 0.74343407 25.012938
 2.4181881 -1.0259056 25.018614
 3.0832222 1.7343681 24.992552
 -3.5112545 2.9925158 24.992376
 1.1212116 -2.9627795 24.993332
 4.0340939 -3.2915013 24.96748
 6.435173 3.5067201 25.013536
 2.1639366 -3.2440786 25.009525
 2.0403266 -2.2183566 24.986334
 2.2303517 3.2451234 25.040167
 6.3406296 -1.8733186 24.980053
 6.618813 -1.3579788 25.040813
 -5.4621873 -2.3750043 24.971699
 -6.6856594 -0.38327286 25.017385
 -1.7499263 -2.2667015 24.996828
 -3.3503346 0.32537144 25.033968
 -7.3380375 2.8912687 25.012724
 2.7072203 -2.1187375 25.019718
 -0.80084342 3.8199036 25.00214
 0.34135193 -3.2928126 24.988937
 6.4089937 -2.1907444 24.993357
 3.1899817 1.9558495 25.026081
 6.5224671 2.1747277 25.022135
 -6.6990142 -1.9956224 25.004841
 -0.51863331 1.4373966 25.018955
 -2.1956303 -3.5743427 25.035339
 1.8898908 -2.314574 24.969618
 -2.6867688 2.3743756 25.017166
 3.5444298 3.0745468 25.0054
 7.3928952 -0.12694816 25.023888
 6.3627434 -3.250006 24.99999
 -7.2425442 -3.56881 24.973326
 -3.5061045 2.1371565 25.010696
 -2.7456429 1.4626154 25.000235
 4.508388 -2.6719282 25.036144
 -6.0724492 -1.6540672 25.0324
 -5.7407818 2.1861298 24.989254
 4.3534665 2.1903896 24.988577
 1.7603457 -1.0430931 25.016314
 -1.6942053 -2.1566274 25.012148
 1.0862796 2.0686376 25.006235
 -3.9649549 3.8669391 24.992807
 6.6405215 -3.6029451 25.019451
 4.8748417 0.96569008 25.028166
 -5.4353938 -0.97803116 25.004339
 4.2214971 -2.4447279 25.050211
 1.2217913 3.0083115 25.045391
 3.5062087 -1.1606088 24.999544
 -2.4816277 0.22908214 25.006973
 4.9662728 -2.1820426 25.016136
 -5.3369102 2.8967559 24.999189
 5.3574958 0.10726757 25.010401
 0.3638947 0.43157464 24.988476
 1.9265685 2.8039267 24.980453
 -6.6281481 1.1282092 25.019537
 -7.2661133 -1.2047168 25.014088
 -2.0430396 -1.6356422 24.978388
 -0.29269308 -1.4499807 25.030676
 4.7316155 -2.0392871 24.99851
 -7.3432889 -2.9774914 25.003546
 -1.1638658 3.6214306 24.99386
 2.5687304 -0.48083448 24.984083
 6.3001857 1.809574 25.024202
 2.7852826 -3.4253438 25.014645
 5.6817031 3.6281025 25.069939
 4.0424109 1.290539 25.031729
 6.4356713 3.5371306 25.028381
 -0.34066033 0.69908595 25.010099
 2.1512115 0.79962927 24.987701
 -1.4572703 3.562356 25.027872
 -3.2253892 3.7879474 24.996161
 0.85202271 -3.8722007 24.990221
 -2.8569555 -0.90131968 24.998026
 -1.7696639 1.7059336 24.986692
 1.5812709 -0.33999699 24.990583
 -7.28899 -0.48782438 24.991697
 -4.7076602 0.071376987 25.036404
 7.3044214 -2.3059182 25.013668
 -4.2084999 3.6314325 25.015747
 1.7010561 -3.3692994 24.988615
 0.82788634 -1.3260298 25.056396
 -0.57530242 0.69218725 24.99192
 4.424437 0.75328058 25.005514
 -7.3017535 0.89299101 24.991486
 -1.5631859 1.8649992 25.017229
 5.0742588 -3.0430608 25.035898
 2.9382114 3.5985267 25.014254
 4.7923484 -2.979888 24.982218
 -6.505034 -3.4222767 25.016277
 4.2251987 0.67124242 25.029688
 4.1347256 -3.0908287 24.997433
 4.0705957 -3.8089764 24.996199
 0.81326395 -3.363168 24.987907
 0.15454763 0.72703016 25.058537
 0.61111271 3.738589 25.011671
 -3.4225292 -2.5145831 25.002522
 5.8499155 -0.91170448 25.01293
 6.7635593 1.7581761 25.039055
 -1.772981 2.941102 25.021225
 -0.77644074 0.42654884 25.020445
 -5.8370352 -3.828516 25.012188
 -7.3537369 2.3043566 24.999813
 5.8192301 3.6924717 25.001724
 1.5533596 1.9475567 25.077728
 2.4693177 3.8047934 24.973562
 -3.3294578 0.87813878 25.034813
 2.1163471 -3.4596689 25.033129
 0.4105143 1.8434743 25.006611
 5.986948 -2.1459768 25.003475
 4.6709547 0.56683981 24.989433
 -5.8120823 2.1347589 24.987621
 4.5889411 -3.5055866 25.007275
 7.0568876 2.989373 24.995913
 -1.6465703 -2.2187576 24.969183
 3.2061636 -0.98120213 25.007591
 3.6666052 0.0759084 25.015261
 0.45418751 -3.0497823 25.005978
 0.743999 -1.790925 25.025023
 -1.8072563 1.2328932 25.035885
 -1.5937873 -0.6888029 25.005688
 1.103749 -2.9606795 24.978075
 2.6997173 -1.797084 24.998613
 -5.9915371 2.962971 25.015217
 -1.6716743 3.6725924 25.023298
 -1.1823422 0.94115633 25.015541
 -6.7004423 3.0441413 24.985737
 6.4843092 -2.7373831 25.026962
 6.3070564 -2.4363174 24.987652
 -2.0584476 3.0463436 24.996574
 5.9046607 -1.3729335 25.02183
 -6.5758162 1.1793299 25.008575
 -0.16085754 1.105724 24.996794
 0.85864741 1.9834378 25.02849
 -2.0759492 0.47558123 24.963985
 5.6304512 2.0663855 24.997791
 -6.5806422 2.9650443 25.006557
 1.5361814 3.1813152 24.992537
 -3.3393233 0.62407792 25.027971
 4.8917928 2.7438962 25.014038
 6.793787 0.19380111 25.004295
 -4.9052815 0.29225981 25.024691
 -4.8923359 1.1597601 25.0007
 5.7846932 2.1084223 25.039978
 4.1653199 1.9669942 25.018072
 -0.91783023 0.52911609 24.983419
 4.0156469 -1.8450001 25.007782
 -4.3184443 -0.33101577 25.018675
 -6.3334002 1.0274112 25.035484
 -2.1853604 0.58430892 25.029114
 -1.4866084 -2.959794 24.977716
 3.9136252 -2.1134899 24.994789
 2.1689489 1.1768087 25.044004
 1.3168881 2.9779036 24.992199
 6.6338625 0.29342175 25.007698
 -2.9073803 0.078770876 25.000484
 6.6010952 -2.0684316 25.00791
 4.6805749 -1.5885458 25.02898
 1.7111263 2.303498 25.036827
 2.8461604 0.42134562 24.997366
 1.0433161 0.31651196 25.026569
 0.74628526 3.8392551 25.015219
 7.292645 -2.3255138 25.025915
 2.164309 -1.555486 25.024761
 -5.6973052 0.59500343 24.997665
 1.0286644 0.080365121 25.0019
 4.864778 -3.1774533 25.024958
 0.60388416 1.0865619 24.984507
 0.10474148 -3.5634418 25.010384
 -4.3182068 3.2824624 25.012396
 3.3211732 -1.9288878 24.99201
 0.43062511 -0.55695206 24.994806
 -6.862823 1.4613224 24.992731
 -1.9213214 -0.11541907 25.016985
 -3.5578287 -0.20014516 25.032568
 2.6895108 1.1559064 25.006083
 -2.5295875 0.76263273 25.000954
 -1.899372 0.95241523 25.048977
 6.8551297 1.9617698 24.998545
 -1.1151116 1.2540544 25.002501
 -3.397897 -2.7733591 25.030031
 -1.3931195 2.120316 25.022509
 0.55689245 3.2700632 24.991674
 -1.5828397 -2.1323235 25.012972
 1.9941218 3.8030846 24.992073
 6.0102715 3.6144238 25.063614
 5.5489249 2.7426672 25.008459
 0.61360401 0.097941242 25.018785
 1.5256473 1.7189615 24.98772
 6.4088387 -3.186655 25.018847
 3.283884 1.4015185 24.988234
 -1.3588495 3.7206926 25.013813
 -3.2790477 1.4123538 25.029739
 -7.0653391 -3.8474035 24.998104
 -1.4232553 3.2970784 24.980005
 -7.476975 3.4020846 25.010284
 0.46437141 -2.5285544 25.017385
 3.992522 2.66208 25.031713
 1.6288399 -0.34283939 25.004862
 3.3334455 2.5370429 25.022299
 -5.4002705 -0.049974732 24.99831
 -4.1193566 2.8778105 25.008888
 -1.8071548 -3.7046747 24.986738
 6.3761382 2.3456106 25.017208
 -4.1738467 -1.4963917 24.999306
 7.4163513 -2.3815398 25.016497
 -3.2550318 2.2701454 25.022141
 -5.313539 -1.6136301 25.008444
 3.3663006 2.9217675 24.990559
 -6.8171563 1.8192409 25.02861
 -6.8694663 1.9734389 24.997389
 -3.0833673 0.21508957 25.017572
 -0.69931859 -0.89243257 25.013327
 0.65907103 -2.9364502 25.010006
 2.4919798 1.9526702 25.016167
 -6.6752872 -1.7284831 24.987801
 4.7500796 -1.7885376 25.005178
 -5.398108 -1.0412966 24.998966
 5.8621402 -2.3473601 24.985159
 -6.1099615 -0.20334642 25.019497
 -2.8956373 -3.1176021 24.988859
 -7.4139357 -3.4594178 24.998241
 -4.4941845 -1.2646488 24.990788
 -6.1011052 3.1797395 24.997076
 4.1213002 0.99829328 25.012899
 -6.7914124 0.13320035 25.012247
 2.1998532 1.4013869 24.991871
 -3.6793957 3.7470679 25.008455
 -6.2530432 -0.085109726 24.990444
 -4.3916969 3.8154056 24.989063
 -6.7438188 1.2831788 25.002937
 3.6766248 0.75465912 25.024403
 -7.2483826 1.7678918 25.011639
 -1.2432622 -1.2534177 25.001143
 -1.4736198 -1.2222407 25.034306
 -1.99208 0.75339782 24.989733
 5.2751827 2.9835029 25.067249
 6.1724863 3.0813699 25.002583
 1.2270944 -0.059905518 25.007246
 0.86116326 -1.9671421 25.002771
 -5.9207416 2.2216082 25.010006
 -2.1209543 1.7949005 25.034819
 -2.5145204 0.54612476 25.001501
 7.1608348 -1.722398 25.00495
 -3.0022933 -0.5624218 25.014294
 6.744009 2.7245586 25.00605
 -7.0311532 2.2920005 25.005194
 -4.7784562 1.627284 24.979778
 6.7478108 2.1453102 25.068041
 5.2638788 -3.5461774 24.980227
 -1.9684232 -2.6698241 25.023607
 -0.76260543 1.9099113 25.002117
 -0.74483037 2.0234368 24.995523
 6.9756651 2.1186204 25.022655
 0.87609196 0.41486862 25.039871
 5.5867758 -1.8512435 25.028393
 0.38865167 -0.22571799 25.009129
 -1.3639525 -1.9007699 24.99778
 2.3992376 0.50185198 25.035124
 1.1535156 -2.2577314 25.009905
 -4.0019455 0.047483101 24.989305
 -2.49547 0.9786762 25.01581
 -1.2696352 3.0214064 25.019842
 7.4558187 3.8686264 25.014654
 3.299746 2.7642012 25.023308
 -2.8605399 -3.1861434 24.992893
 -2.7780089 3.5414982 25.029448
 4.3261681 3.7747085 25.008448
 -7.2608027 0.59409624 25.009684
 2.5267282 -0.31394538 25.004557
 0.27223319 1.4517969 24.986032
 -4.3735237 -2.7028248 25.013065
 3.4007518 1.5826049 24.99818
 6.3083811 1.3863453 25.00065
 -5.4517798 2.4526048 25.013157
 -4.1428337 2.6693072 25.029186
 -5.3369975 -2.8212605 24.999443
 4.8396974 -1.177316 24.985071
 4.5921173 -3.7774973 24.971645
 -4.6008315 -1.0489694 25.013645
 -2.1057813 -0.66803771 25.037861
 5.6304755 3.2277164 25.055828
 1.8509943 -3.7674284 25.028475
 -1.3954626 -1.9548178 24.983713
 -1.0386573 -1.9160866 24.975174
 6.8743567 -2.0418279 25.005856
 -2.0325975 -3.184968 24.993294
 3.8493187 -2.2935507 25.000046
 6.2510614 2.5111623 25.051487
 4.3476253 3.116545 25.009499
 -3.0026622 -3.1182709 25.016911
 0.70875072 0.90187466 25.01618
 0.94165379 -0.99531209 25.029827
 -4.7375069 2.5779369 25.025475
 -1.7662215 0.56024325 24.987974
 6.427835 1.8991102 25.058475
 3.441916 -3.2714071 25.009871
 -5.1220922 2.5823791 25.008009
 -2.3324564 0.7680102 25.009706
 -5.8984361 3.5990953 24.976593
 -3.8252959 -2.1634958 24.977148
 -5.9730873 0.9723894 24.96851
 0.66063863 2.2698395 25.000404
 7.5125751 2.1258748 25.062334
 -2.1137009 -1.658247 25.023159
 4.9997067 -3.6069155 25.027157
 -1.9760305 1.6457359 25.046305
 -5.1048961 -2.0057027 25.015429
 -1.9556959 0.74675953 24.976336
 4.5019913 -3.5101144 25.028727
 -4.8213906 -3.4249516 25.027689
 -6.3364739 0.30581006 25.007696
 2.1276591 -2.3388422 25.005756
 -4.2583547 -0.66864967 25.027018
 1.2207119 3.0742507 25.046303
 -3.859936 -3.1997106 25.010561
 2.1910117 -0.97283012 24.997641
 6.0915689 -2.8290544 24.987114
 2.8478315 -2.2193828 25.018991
 -6.3793235 -3.2549992 25.013115
 -1.14788 1.3397055 25.00914
 5.3596721 -0.51570892 25.009171
 -6.7430115 2.0125613 25.005899
 6.2762642 -0.51819324 24.984802
 0.92166406 0.59448093 25.011047
 -6.3126445 -2.0363603 25.02951
 -4.1566372 1.9958681 25.011108
 -6.7877808 -3.7691855 25.014517
 0.73470438 2.2921932 25.003359
 -4.3154616 -1.4608377 24.994999
 -5.9037147 -1.461378 24.997156
 1.606648 -2.6909893 24.976007
 0.01244382 -2.9074492 24.991001
 5.5093417 -0.062565282 25.021833
 -1.9455503 -1.6996182 24.984354
 -6.3182259 1.8850453 24.996441
 2.6316266 -2.0170367 25.01491
 0.17436695 0.035563193 25.010384
 -2.9485478 -2.7371728 24.990004
 6.2798142 1.4210639 25.001972
 4.5635672 3.2147977 24.999243
 6.5112066 -2.6197908 24.978397
 4.9121675 -3.7604558 24.991455
 1.5835166 0.94823968 25.028135
 -3.3669407 3.5827935 24.989744
 -5.96491 2.0096753 24.993605
 4.4860625 -3.4438176 25.035257
 -3.7254486 -0.31445873 25.016516
 0.99274832 -2.4631259 25.00481
 4.6071782 -1.8974873 24.982384
 2.4046814 -2.7455695 25.009005
 6.7548809 -3.1399868 25.00655
 -3.0044191 3.4486036 24.970613
 1.0488964 2.2851884 25.014357
 0.40539727 0.58550954 25.030426
 6.8262582 0.43290016 25.025423
 2.9344923 2.836848 25.014551
 5.9156737 3.6557672 25.011065
 2.9701107 -2.4321482 24.994659
 -1.2216423 -0.31050658 24.990999
 1.6074237 -2.327651 24.992353
 -4.5922179 2.4393501 25.00835
 -6.2576561 0.24985331 25.004192
 4.718977 0.61989349 25.015465
 -1.8141204 -1.666948 25.001953
 1.9533619 3.4312696 25.026104
 2.3680789 -2.4521976 25.003057
 -2.3981042 -3.2918808 24.993649
 -1.3371707 -2.3246405 25.006477
 1.2406172 -1.9187224 25.004099
 -6.6156545 -0.24025689 25.00205
 -6.5925217 -2.3802943 24.988613
 0.7112422 1.7160053 25.003687
 -7.3488083 2.2547884 24.998695
 -3.801805 1.7692162 24.991131
 6.1120667 2.3092573 25.051601
 5.8845286 2.9169183 25.010015
 6.9477453 0.65777969 25.030863
 -0.82979006 -2.7519312 24.98259
 6.3252811 1.6056532 25.036222
 7.1020775 -2.6223922 25.034893
 0.59629148 -2.6252966 24.992956
 2.4062092 -0.031528275 25.013166
 3.4145105 2.0203369 25.00576
 1.4112699 2.3309765 24.995686
 -4.6688166 3.5958405 25.028318
 0.73717105 -1.4099333 25.021708
 -2.5298982 1.1032127 24.973236
 3.9576082 -0.20153204 24.993235
 4.2995439 3.8165731 24.983002
 0.1033008 3.778899 24.993372
 -1.8795747 0.65930897 25.021219
 -6.762177 -0.86757648 25.015591
 5.379714 -1.9308047 25.027107
 -2.0072832 2.312783 25.01565
 1.599195 -3.4900765 24.980755
 -4.9743714 -3.3353269 25.041306
 4.3409643 2.1526182 25.037119
 4.3073997 -3.1361597 25.009661
 -6.2314162 -0.26638195 25.001289
 0.62051874 2.4432061 25.020481
 -0.70113963 -3.6206322 24.996689
 -1.5887777 -0.81528187 24.984877
 3.8572264 0.050472505 25.015102
 4.1680059 -1.4661907 25.035618
 -6.6784263 -0.29124364 24.991085
 -4.3852363 2.5478785 25.019405
 1.2557571 2.1222744 25.008982
 0.92768508 -1.8173819 24.985582
 1.3169818 3.8244729 25.036016
 0.11598632 1.8341827 25.015276
 2.9697466 3.8642423 25.014688
 6.8121018 2.5403452 25.001785
 0.73250335 1.3530595 25.010695
 5.3015161 0.17668012 24.977839
 -0.20544648 -2.5301409 24.979952
 2.9286594 2.0566201 25.057915
 -6.5483389 -1.8452688 25.006109
 -5.0292168 1.2152525 24.966568
 2.4476066 1.8053546 24.992298
 -5.992301 3.4995422 24.994158
 -7.2903438 -1.7486516 24.989679
 -5.3749175 -2.1449614 25.006229
 -6.868938 1.3033311 25.001001
 7.0248556 0.49556077 24.991343
 -6.4075747 0.65673882 25.001286
 -3.9493909 3.8957572 25.017029
 2.9151845 -2.358017 25.002989
 0.48125842 3.2156954 25.01256
 2.7370181 2.8512325 25.044266
 0.34801519 -2.4039555 24.981249
 -1.1597148 -1.3345178 25.040745
 -6.3001256 3.8916621 24.988474
 -3.925561 0.079800189 25.010136
 3.7186413 -2.6799607 25.043026
 -6.569345 -3.5975037 24.990549
 -1.6304336 -0.2490589 24.980482
 -5.2474523 -2.986378 24.983351
 -2.7914011 -1.0263071 24.987598
 -0.75610656 -0.5775497 25.022154
 -4.5345559 3.515095 25.020361
 6.4480257 -3.7760658 24.979792
 3.1179495 1.1859478 25.01823
 -4.4761252 3.2612927 24.992449
 3.2734263 -1.5414456 25.039906
 4.3936868 2.7671471 25.001488
 1.8470436 -0.71675301 25.005686
 1.5345167 -3.5354538 25.019953
 -6.6561499 -1.1202922 25.032259
 -2.654597 -1.6860424 25.00478
 3.0242541 2.9490986 24.976997
 -1.5554245 -1.2368047 24.994783
 3.2271757 3.1244495 25.059837
 4.0434523 2.6041324 25.015257
 1.6014335 -3.4398146 24.977098
 -0.89586401 1.825742 25.013962
 2.3093388 -2.6801322 25.003839
 1.7947581 -0.82350683 25.030828
 2.134423 -2.6279259 25.018599
 -2.9233055 -3.294029 24.998533
 -6.3928204 1.1416676 24.992674
 1.1367297 0.78947997 25.023083
 6.6998916 1.5557386 24.985477
 -4.7544084 2.5868151 24.997166
 -7.0243988 -3.6459708 24.992037
 7.1299419 2.2608249 25.042091
 5.5575418 3.5763752 25.058966
 3.4500535 3.8756356 25.013588
 -1.6756816 -1.3065571 25.030191
 -6.8807497 -3.2633576 24.983774
 4.9465046 2.5764141 25.054419
 4.4871802 -1.055501 25.01936
 7.1013436 3.4080904 24.998453
 5.0767832 2.2440064 25.040108
 0.35062781 0.81457436 24.982752
 3.6879466 0.94620019 24.983582
 -0.87648612 1.5692698 25.017479
 0.76259685 2.6387436 25.031004
 3.7010229 2.0940542 24.983994
 -5.4142566 -3.0971322 25.02433
 -5.8432312 2.3620119 25.024334
 3.7656648 1.0562309 24.958797
 0.24694273 0.73382473 25.011473
 -5.6851339 -1.0434412 25.013618
 -2.0770137 -3.0453436 25.01679
 4.3189573 -3.2098594 25.010498
 2.5850103 0.315687 25.014019
 -2.5621681 0.88519913 25.00853
 2.0219805 2.7066393 24.990438
 3.9891968 -3.6999109 25.038826
 -6.5344644 0.59477496 25.005817
 4.8536878 2.0464427 24.996456
 5.7450194 3.5910254 25.020628
 6.6238174 -3.8844647 25.010876
 5.2618346 3.2205296 25.019857
 -6.8386459 3.1189773 24.982416
 4.5580359 -0.97259039 25.002947
 2.0727704 -0.10041337 25.016405
 -2.6249883 0.29814097 25.028799
 0.13113645 1.352332 25.007086
 6.3131418 -2.7443385 25.014391
 6.3997145 -2.9983854 25.028795
 -0.089653552 2.5463874 25.021191
 5.5709844 -1.806457 25.000801
 7.3161969 1.5101455 24.99296
 1.8020436 -2.5755351 25.012089
 -5.5815578 0.97836596 25.022993
 -3.6052146 0.20355794 25.023043
 -4.5170422 0.29077324 25.006935
 4.8254218 -0.48923513 24.975084
 -2.5749013 -3.3052135 25.003895
 -6.1370025 -1.6271402 24.981216
 -6.3659129 -0.25335741 25.003008
 -7.3761344 0.11220758 25.024204
 0.78972012 -1.5757698 25.02548
 -4.9014606 -3.8578212 25.011074
 -2.3946579 0.9821704 24.998745
 -2.5614281 -0.31449956 25.014456
 6.4441924 -2.8879924 24.985312
 -6.8723569 -1.3280823 24.987614
 3.2227342 -1.7855085 25.005976
 4.6902595 3.8854158 25.035601
 -6.7986155 1.2187561 25.018528
 7.1978235 0.33331463 24.992373
 -6.0344677 -0.87529182 25.013704
 -5.5629749 -2.9808404 25.033686
 3.7370291 -3.6418548 25.052074
 -7.387836 1.0155165 25.037291
 3.3753605 2.731338 25.012079
 2.0756807 -0.11975361 24.972227
 1.6291775 2.927901 25.06197
 6.2648864 2.925509 25.04406
 3.2850893 -1.8920851 24.996614
 -2.9053311 -1.4659843 25.019438
 -6.9880362 2.4635987 25.001793
 -1.2611858 -3.2388403 25.010954
 0.30125862 -3.532825 24.990564
 -3.5905356 1.3217431 25.025898
 -6.1022792 2.0206738 25.043655
 1.0816054 -1.6348234 25.009748
 -3.5832665 1.5907611 25.024912
 -4.6754827 -2.5110743 25.015574
 -0.65266907 -3.341639 25.006304
 6.7839141 3.6626809 25.022757
 -5.5048909 3.3541856 25.001513
 6.1287098 1.6636137 25.026506
 4.505815 0.40376085 25.017467
 -5.1769834 -1.038395 24.976868
 3.2832303 -0.57904708 25.039579
 2.4363708 -3.4313815 25.00635
 -4.3753276 0.47164518 25.026924
 2.3022366 3.3865657 25.007757
 2.7129812 -0.99340123 24.991236
 6.6494832 3.1511419 25.044651
 7.0703278 -2.3266873 25.008154
 -4.5444942 -0.87601238 25.006804
 3.5544844 -1.6379821 25.008547
 -4.5632381 -1.4932083 25.02149
 -1.6075463 0.71538419 25.039816
 -3.446995 2.0971837 25.015377
 -1.375945 -3.1661065 25.00819
 -7.3850894 1.5654404 25.030941
 1.0753489 0.26668173 25.043985
 5.9120951 -0.012234231 25.008801
 1.4427267 3.6225677 25.008156
 -1.9655859 -2.4624352 24.998011
 6.0019517 2.2828879 25.03253
 4.4159865 2.6363323 25.003738
 6.8442178 3.3480456 25.032682
 0.35990024 0.82400793 25.005913
 0.53766966 -0.20749508 25.032127
 6.8418088 2.5240543 25.029526
 6.6437864 -3.5137389 24.976227
 -3.5971661 -3.2814727 25.013323
 0.34961978 -1.4919493 25.031084
 -7.191752 3.5554664 24.987204
 4.9131312 -2.9896712 25.038137
 -2.5808702 -0.88759577 24.979549
 1.0952573 -3.5044754 25.000134
 -1.1469351 -1.1855478 25.035095
 -4.110498 -1.9920022 25.000746
 -5.0164466 -0.46445027 25.015635
 -2.6814103 3.6857262 25.019772
 -3.7945542 0.4582186 24.99898
 1.7123109 -0.24718755 25.010979
 -2.7570658 -3.5582001 24.997139
 -5.6266389 3.8986554 24.988604
 5.8816738 -1.9743183 25.014399
 3.1282165 2.5909414 25.005013
 0.77278614 3.4913635 25.017334
 1.9087354 -1.9826244 25.008223
 5.2452374 3.7606008 24.984943
 5.5615907 -3.2561429 25.002832
 -4.1306043 -0.16087146 24.993765
 -5.4365067 0.99843639 24.974184
 2.5343714 -3.5495865 25.019064
 2.9079986 -0.54164189 24.993731
 -4.0270891 -3.3544657 25.003998
 3.7730656 1.1092145 25.015642
 -6.9632258 -3.6637683 24.989519
 -5.3811574 -2.9432032 25.001328
 -6.5432539 -2.5266218 24.994631
 3.4402087 -2.3107064 25.012268
 -4.9335904 -0.43006968 24.999088
 0.8967545 2.0052621 25.049313
 2.878005 -0.4441174 25.049164
 -1.5998095 0.21682866 24.975458
 -4.2206807 2.0457675 24.984354
 1.9992075 0.79400527 25.034809
 -5.7354603 0.55562907 25.007824
 5.1836939 1.1273787 24.998825
 6.3115554 2.4136374 25.00873
 -3.5717282 -0.035377763 24.985338
 4.1810622 -1.9929676 25.031612
 0.83069772 1.5361084 25.030073
 3.7353823 -2.1891642 25.014143
 2.4257424 -3.3685498 25.018559
 3.419944 -1.5046589 24.994955
 -0.569525 -1.391121 25.019476
 6.8010683 -3.6091027 25.053862
 2.7098405 3.3128352 25.018152
 -5.4600534 -2.7975817 25.011322
 -1.5810108 0.68932402 25.028845
 -1.807367 0.47226775 24.985632
 -1.2473392 3.1019158 25.00341
 7.1592965 -1.8431613 25.042603
 -5.2343397 3.1677155 25.00178
 -5.7568145 1.1224797 25.03442
 -2.3369963 -3.0897317 25.031782
 1.7372779 1.1777875 25.033878
 5.6904469 1.8728465 25.017788
 6.5066533 -1.9741907 25.013857
 -3.275198 2.941561 24.989162
 3.6881313 -3.2318099 25.012981
 -7.228353 0.92630643 24.974594
 -1.5684867 1.9343581 24.993652
 -7.1686215 1.4139911 24.990486
 6.0414653 0.33078164 25.035881
 1.2428545 1.0623327 25.031599
 1.852327 2.6591482 25.019159
 -7.1376915 -2.6895149 24.995073
 -0.48628271 -3.3765776 24.988852
 2.5858243 1.0778935 25.028536
 -3.3900187 -2.8954787 25.036623
 0.93569249 1.8984728 25.043566
 -3.4120123 1.1776301 24.961996
 -0.41403666 1.278302 25.030886
 3.292686 1.9932412 25.053749
 -0.21923317 -2.1431322 25.0212
 1.640715 -1.324815 25.005732
 6.9527869 3.0933359 25.010744
 2.1079118 0.33350819 25.012238
 -2.4053485 -2.2461438 24.997572
 7.342855 2.9086905 25.046116
 5.0539508 -1.539307 25.011406
 -2.6979051 2.1369729 25.016726
 0.84364438 2.2323096 24.989086
 -1.6654392 -2.8381791 24.972383
 2.4221833 2.0781775 25.010166
 -6.2123466 3.4399703 25.000864
 3.0910637 -1.8043894 24.984789
 6.141561 1.7770354 25.055338
 -3.262346 0.73362607 25.019106
 -5.8552256 1.01029 24.995071
 -2.6491237 -1.0748371 25.037455
 3.5564597 3.6142142 25.049349
 6.6968884 -3.5717652 24.999243
 -1.7529777 -0.94223821 25.006577
 -7.2847886 -2.5887594 24.990616
 4.7612863 -2.385798 24.998838
 -0.38164154 3.2418323 24.983078
 6.3916588 2.3737695 25.032001
 0.37005487 -0.27212825 25.002577
 -5.5847178 -2.9261174 25.022324
 5.647038 -0.62359458 25.052731
 7.4057703 -0.77449989 25.025318
 -7.0132704 -1.4584395 25.013933
 2.3494272 3.2041965 24.990967
 1.9996083 2.818265 24.977436
 1.6076989 1.0430491 25.030336
 -4.9183598 -2.3119948 25.000496
 2.390023 -0.28514212 24.981823
 6.7245469 -1.047447 25.008572
 -0.54883265 1.6957288 25.003479
 6.2822108 -3.7090592 25.007647
 -6.9762139 2.2673018 25.013865
 -6.5169907 0.10323568 25.014587
 -3.9929571 -0.90448672 24.980127
 -6.1376433 3.0472476 25.036369
 0.7907697 -3.8828855 25.008373
 1.3559104 -2.8274245 24.978029
 -4.4578204 1.8982503 25.01755
 -5.21595 -1.6356472 25.03367
 -6.9014683 3.0530615 25.032635
 7.0781503 -3.7719836 24.99243
 4.926558 -3.000973 25.031126
 -6.6489191 -3.3934228 25.014803
 3.1969705 -3.2628436 25.013773
 3.0046122 0.29787263 25.068394
 -2.3969827 -0.25159991 25.002617
 -2.9619756 -2.4426703 24.994785
 -0.97918457 -2.0330365 25.034937
 -2.1964276 -0.68161088 24.950676
 6.0266809 -3.4930527 24.969032
 6.7860875 -0.91196537 25.02013
 -6.5100851 -2.8112981 25.022125
 3.3871355 -2.5566285 25.025278
 -4.1793656 2.2535241 25.015497
 1.0839152 -3.1224163 25.03064
 6.8449922 -1.594161 25.05386
 -1.7311368 1.577171 24.981464
 -4.3274107 -0.12803742 25.000755
 -2.215905 -0.17504427 25.014812
 2.8000846 -1.78725 24.977089
 -3.0536504 1.2028408 25.016773
 0.7701878 -3.1664016 25.011795
 -3.2328174 2.9631033 24.982031
 -6.3256359 -3.5582058 25.018467
 2.2336078 -3.6763434 24.994326
 -5.4461827 -3.6562586 24.975645
 -5.5252328 -1.1378303 25.001574
 1.7851175 0.93506628 25.039953
 -6.685091 0.98684865 25.047489
 -1.9095062 3.8430889 24.98848
 4.5850792 -2.6315336 25.024448
 6.8126888 0.025788268 25.021801
 7.0481796 -2.9176559 24.996477
 0.73338282 0.59334761 25.012287
 5.2765708 -1.1084419 25.027996
 -4.1724653 -1.6849418 24.977678
 0.32078752 3.6934147 25.03614
 1.1989459 -1.3894962 25.01952
 1.0153778 -2.8056233 25.004692
 -2.3779271 3.2670202 25.02713
 5.7854466 -1.9360813 24.994005
 -1.1430918 0.54769915 25.003141
 -7.3356862 3.5770993 25.005463
 -6.5856919 -0.46800968 25.020433
 2.4442303 -3.5934281 25.030367
 -4.0408258 -3.2872491 24.987984
 -2.1027453 -3.7365575 25.00371
 5.3439498 -1.1834311 25.000906
 -0.6041345 2.4794915 24.990829
 -3.9518547 1.5284482 24.997881
 -0.80887765 -0.59507006 25.028938
 -6.0652323 -2.9686306 24.998629
 -1.2065841 -0.77480537 25.043966
 6.9709015 -1.7487155 24.987534
 -7.0372877 2.2956007 25.025419
 -7.0854697 1.1306424 25.029146
 2.3809025 0.55029839 24.982681
 -4.1239033 -0.55198312 24.993547
 -1.5616212 3.3502693 25.062298
 -7.0198154 -0.47143221 25.000813
 -5.5863371 -0.88722932 25.013966
 -0.9336282 -2.0883527 25.012577
 -4.379343 2.3484392 25.023556
 5.0220451 -3.5824745 25.001368
 2.0619795 0.88411075 25.009737
 -6.1154294 0.87676013 25.037079
 -4.3820887 -0.90638638 24.988342
 -1.8633707 3.1271133 25.018471
 1.2789712 -1.1378027 25.056009
 5.9379787 2.2059789 24.998621
 -0.33293995 -2.350903 25.008118
 -3.7339518 -2.6504118 25.00741
 -5.9927626 -1.5710448 25.01248
 6.284749 1.6558672 25.002787
 -7.4219627 -0.43447015 25.029593
 -5.3492231 -1.6393744 25.012415
 3.7069969 1.6772742 25.032499
 4.2414393 -0.94568825 25.009531
 3.3895345 0.97220474 25.036331
 6.8765259 3.8134818 25.005503
 3.5269902 -0.66249394 25.014902
 -5.4739742 -1.1569793 25.029221
 2.0382979 1.2197123 24.998821
 4.6957684 -2.1460037 24.995707
 1.4069705 -1.4663417 25.02393
 2.0500705 2.4168253 25.057251
 2.6127322 -0.58865494 25.000618
 2.6791883 -1.996843 25.023764
 -1.9382445 0.14684512 25.013763
 -4.8000498 -1.4617251 24.990036
 4.5783243 1.7555811 24.982574
 0.023916552 -0.074519247 25.004734
 5.7253542 0.85782325 25.011127
 2.7221608 3.3010871 25.019598
 5.3892708 -2.3411381 25.033146
 -0.22764234 0.70694607 25.018551
 -0.60783905 0.20965889 24.997362
 -4.7429533 -2.4046967 25.025581
 -1.7905903 -1.5448017 24.995327
 3.029078 -0.17137395 25.019846
 -4.68957 2.4987626 25.013943
 2.8501606 2.7483754 25.050524
 -5.9971976 1.0628322 25.00876
 4.4334311 2.3593102 25.034988
 -3.5087245 1.5986328 25.034561
 -6.8688331 0.76263762 25.016542
 2.335186 2.086422 24.989603
 5.7602563 -0.24599883 25.060566
 5.7152328 -1.6483992 25.017429
 -0.61360312 -3.308881 25.02364
 3.3927624 3.5074587 25.009867
 4.0373316 0.25927708 25.011513
 3.3865256 -3.4725974 25.024483
 0.023803577 -3.733041 25.000956
 -5.4155684 2.0517786 25.025311
 -3.473947 -0.63237786 24.996273