-6.7657633 -3.6449666 25.181492
 -6.481976 -3.2824385 25.180811
 -6.2010183 -2.9352291 25.187691
 -5.9185543 -2.602535 25.185287
 -5.635448 -2.2838557 25.176601
 -5.353776 -1.984923 25.177929
 -5.0703402 -1.6995859 25.173006
 -4.7885942 -1.4315255 25.172461
 -4.5082231 -1.1788224 25.175743
 -4.2248735 -0.93991727 25.175322
 -3.9429808 -0.71922094 25.177521
 -3.6614037 -0.51459128 25.181578
 -3.3797202 -0.32620648 25.181177
 -3.096545 -0.15214886 25.178997
 -2.8155668 0.0059288219 25.173422
 -2.5313661 0.1489854 25.170181
 -2.2513773 0.27462903 25.183096
 -1.9697645 0.38543603 25.176805
 -1.6862444 0.48175809 25.180264
 -1.4042944 0.56098568 25.177509
 -1.1235441 0.62417251 25.169411
 -0.84120923 0.6717428 25.176205
 -0.55912983 0.70333761 25.181456
 -0.27589828 0.71861833 25.178684
 0.0042536939 0.71970636 25.177925
 0.28660113 0.70370066 25.177994
 0.5686686 0.67211765 25.178461
 0.85172856 0.62513489 25.180273
 1.132259 0.56155634 25.179798
 1.415485 0.48054528 25.173233
 1.6956706 0.3875632 25.171772
 1.9798626 0.27611715 25.177788
 2.2610624 0.14928007 25.17325
 2.5427985 0.0077469461 25.171801
 2.8245089 -0.15022731 25.172649
 3.1075945 -0.32546529 25.183939
 3.388315 -0.51491624 25.184208
 3.6709812 -0.72096241 25.188347
 3.9510186 -0.94092977 25.176422
 4.2350664 -1.179034 25.176212
 4.5158944 -1.4304273 25.176411
 4.79843 -1.701468 25.178108
 5.0786905 -1.9846576 25.173996
 5.3637366 -2.284323 25.182623
 5.645524 -2.6023278 25.178946
 5.9263783 -2.9349751 25.182568
 6.2098122 -3.2804859 25.179493
 6.489502 -3.6446464 25.177752
 6.772603 -4.0246859 25.184233