-6.7812986 -3.6548605 25.215876
 -6.4945641 -3.289607 25.200638
 -6.2129073 -2.9409647 25.204432
 -5.9290972 -2.6084797 25.197796
 -5.6462173 -2.291384 25.195807
 -5.3627052 -1.9904613 25.191141
 -5.078342 -1.7052591 25.186932
 -4.7956362 -1.4372567 25.182127
 -4.5130262 -1.1831264 25.181717
 -4.2293577 -0.94676799 25.1758
 -3.948777 -0.7254191 25.182739
 -3.6654902 -0.51951963 25.176588
 -3.3834527 -0.32888794 25.179462
 -3.1011202 -0.1543055 25.174238
 -2.818037 0.0031609014 25.169025
 -2.5355713 0.14422168 25.16506
 -2.255322 0.27077937 25.167246
 -1.9735024 0.38176489 25.167139
 -1.6905887 0.47694552 25.174828
 -1.408586 0.55611593 25.170172
 -1.1280074 0.61933005 25.164017
 -0.84579647 0.66694862 25.172358
 -0.56441295 0.69788909 25.171021
 -0.28265777 0.7136578 25.16683
 0.0010943942 0.71409404 25.173414
 0.281398 0.69706064 25.175566
 0.56384313 0.66651535 25.16781
 0.84509379 0.61759663 25.161419
 1.1283391 0.55565816 25.173731
 1.4103242 0.47685355 25.160406
 1.6925112 0.38148114 25.169439
 1.9743763 0.27130148 25.16806
 2.2559099 0.14452709 25.16864
 2.5390244 0.0013057211 25.175354
 2.8190434 -0.15491736 25.166246
 3.1023045 -0.33013606 25.179543
 3.3835313 -0.51930767 25.175257
 3.6685734 -0.72613877 25.189138
 3.9489641 -0.94592321 25.1761
 4.230752 -1.1837759 25.178843
 4.5145464 -1.4369156 25.182985
 4.7986183 -1.705006 25.190376
 5.081727 -1.9921379 25.195419
 5.3600397 -2.289814 25.182398
 5.6442947 -2.6077106 25.189806
 5.9304385 -2.9430828 25.20447
 6.2086482 -3.2885122 25.1896
 6.4987974 -3.6548312 25.216181
 6.7750101 -4.0323834 25.195316