-6.7735496 -3.502903 25.024733
 -6.5466394 -3.0276604 25.002356
 -6.3256478 -2.5710325 24.994253
 -6.111588 -2.1341469 25.014149
 -5.8825374 -1.7078607 24.979286
 -5.6593308 -1.2997756 24.966253
 -5.4427719 -0.90834069 24.988619
 -5.2332149 -0.53543514 25.027372
 -5.0090837 -0.17111085 25.014843
 -4.7876234 0.17191394 25.013849
 -4.5722728 0.50463349 25.026554
 -4.349894 0.81883156 25.016838
 -4.1291223 1.1154926 25.00881
 -3.9039068 1.3948681 24.982615
 -3.6862874 1.6621083 25.006994
 -3.4703357 1.9160277 25.023012
 -3.2482097 2.1500802 25.011953
 -3.0277867 2.3728516 25.015062
 -2.8067882 2.5727825 25.011236
 -2.5864775 2.7613094 24.986811
 -2.3667643 2.9340768 25.019279
 -2.1497111 3.0951402 25.013191
 -1.9281354 3.2352593 25.004505
 -1.7075055 3.3619223 25.026482
 -1.4856169 3.4649138 24.997782
 -1.2648143 3.5581677 24.965475
 -1.046163 3.6434331 25.014402
 -0.82506138 3.7051322 25.022068
 -0.60361826 3.7472508 24.990061
 -0.38606927 3.7830029 25.000637
 -0.16579384 3.7996011 25.004999
 0.054584764 3.7992609 25.005072
 0.27169666 3.79022 25.042667
 0.49441019 3.7482214 24.984709
 0.71532357 3.7111793 25.042414
 0.93467546 3.6430969 25.009966
 1.1532241 3.5612364 24.991333
 1.3733789 3.4706438 25.007242
 1.5932528 3.355315 24.982689
 1.8154211 3.2376509 25.031429
 2.0352564 3.0911665 24.998444
 2.2532973 2.9366665 25.010517
 2.4745672 2.7607009 25.011482
 2.6984742 2.5789747 25.050228
 2.9170637 2.3732128 25.039984
 3.1387374 2.1545181 25.045843
 3.3549094 1.9179584 25.014402
 3.580019 1.6665856 25.052347
 3.8015058 1.3977346 25.051029
 4.0167937 1.1163974 25.024088
 4.2351999 0.8181743 25.019159
 4.453052 0.50346023 25.005999
 4.6763425 0.17434448 25.02375
 4.8984857 -0.17366314 25.030209
 5.1162357 -0.5331465 25.004768
 5.3352165 -0.91304731 24.99683
 5.5589023 -1.3033385 25.02005
 5.7842917 -1.7142922 25.053204
 6.0003805 -2.1367459 25.039686
 6.2147799 -2.5729003 25.012949
 6.4231234 -3.0250418 24.966652
 6.6474457 -3.4975085 24.981283
 6.8711457 -3.9871464 24.998274