-6.7708912 -3.4895358 25.027609
 -6.5743537 -2.9870825 25.219042
 -6.3579006 -2.5494895 25.177319
 -6.1303701 -2.1114993 25.147072
 -5.8996181 -1.6840945 25.078026
 -5.6865611 -1.2873398 25.117994
 -5.4746113 -0.90235829 25.122021
 -5.2502503 -0.52722967 25.114056
 -5.0195642 -0.16633587 25.041716
 -4.8055449 0.17068119 25.052687
 -4.5891709 0.49600622 25.074755
 -4.3738189 0.80812812 25.079592
 -4.1470914 1.1013793 25.053789
 -3.9245703 1.3813055 25.029676
 -3.7083395 1.6479025 25.035095
 -3.4964547 1.8986756 25.068272
 -3.2823853 2.1380169 25.113163
 -3.0512989 2.3510177 25.017332
 -2.8283966 2.5518458 24.998842
 -2.6153691 2.7421873 25.00182
 -2.3965561 2.9120033 24.995129
 -2.179848 3.0808067 25.076216
 -1.9576669 3.2160883 25.029291
 -1.7435066 3.345226 25.039158
 -1.5176152 3.4507964 25.007017
 -1.3041081 3.5471342 25.023659
 -1.0833193 3.6384764 25.082842
 -0.8595711 3.7001412 25.068594
 -0.63947213 3.7431226 25.028631
 -0.41884023 3.7723866 25.023237
 -0.20004314 3.7975008 25.056486
 0.022342527 3.7923763 25.039347
 0.23739989 3.7831933 25.03738
 0.45832103 3.7502818 25.014687
 0.68250948 3.7078807 25.036709
 0.90261173 3.6459086 25.031637
 1.1114566 3.5606015 24.958448
 1.3328971 3.4620326 24.935631
 1.5605873 3.3663862 25.032852
 1.7841892 3.2308125 24.973492
 2.0007925 3.0985317 24.989233
 2.2227399 2.9415631 24.992447
 2.4433892 2.7620842 24.952688
 2.6713662 2.5752277 24.994499
 2.8797879 2.3734565 24.940182
 3.1055906 2.1540086 24.965946
 3.3292971 1.918825 24.974243
 3.5508268 1.6636599 24.963497
 3.7682507 1.401973 24.962816
 3.9915497 1.1154969 24.966784
 4.2280931 0.81290382 25.042704
 4.4369235 0.49555156 24.958174
 4.6486011 0.1682045 24.91787
 4.8905892 -0.19343281 24.999523
 5.1094508 -0.5466364 24.99482
 5.3335457 -0.93831283 24.990704
 5.5626588 -1.3382056 25.015589
 5.775557 -1.7479582 24.976826
 6.003849 -2.1788185 24.995762
 6.2006516 -2.6104832 24.896816
 6.4336777 -3.0752888 24.950361
 6.6713843 -3.5801408 24.957111
 6.8662639 -3.9968722 25.005531