-6.709053 -3.474788 24.756855
 -6.4913216 -3.0067878 24.758389
 -6.2739697 -2.5578451 24.763777
 -6.0555258 -2.1214714 24.759281
 -5.8334284 -1.7027329 24.744528
 -5.6181607 -1.2974178 24.750763
 -5.4015727 -0.90967655 24.753054
 -5.1827235 -0.5355196 24.750345
 -4.9673591 -0.17843051 24.760082
 -4.7462792 0.16329922 24.748793
 -4.5282106 0.48975316 24.74567
 -4.3095126 0.79890388 24.745386
 -4.0945826 1.0946323 24.762209
 -3.8767972 1.3758215 24.76265
 -3.6578329 1.6389773 24.757187
 -3.4410172 1.8874451 24.741886
 -3.2223098 2.1191921 24.742456
 -3.0054429 2.337832 24.752655
 -2.7871184 2.53843 24.751595
 -2.5685561 2.7272351 24.748093
 -2.351701 2.8957169 24.743773
 -2.1339524 3.0525806 24.754871
 -1.9167929 3.1928198 24.758043
 -1.6962969 3.3144486 24.732504
 -1.4793278 3.4241285 24.747793
 -1.2639581 3.5201681 24.76285
 -1.0446513 3.5982206 24.759832
 -0.82659405 3.6560037 24.746813
 -0.60723758 3.7035575 24.743263
 -0.39040032 3.7372096 24.759495
 -0.17303579 3.7515206 24.748829
 0.0445465 3.7499213 24.745399
 0.26114678 3.7361205 24.746668
 0.4810853 3.7054429 24.756502
 0.69768393 3.6585827 24.749704
 0.91660643 3.5988424 24.759996
 1.1317207 3.5175202 24.744751
 1.350556 3.42398 24.746639
 1.5689442 3.3173072 24.74655
 1.7865859 3.1944258 24.762854
 2.0038788 3.0520988 24.743475
 2.2228119 2.8984864 24.752995
 2.4402354 2.7251422 24.748501
 2.658222 2.5395124 24.754917
 2.8766034 2.3369865 24.754633
 3.0934024 2.1209269 24.756426
 3.311357 1.8873754 24.749445
 3.5247715 1.6386942 24.73127
 3.747257 1.3755723 24.755348
 3.9634223 1.0953147 24.742279
 4.1815429 0.79993176 24.744963
 4.3994017 0.48923516 24.745451
 4.6204672 0.1620931 24.76132
 4.8379712 -0.17992568 24.756777
 5.0542345 -0.53615427 24.751406
 5.2705736 -0.90921271 24.75396
 5.4883742 -1.2970831 24.742487
 5.7068152 -1.7026788 24.750757
 5.9265885 -2.1224256 24.758055
 6.1433973 -2.5576537 24.756969
 6.3592057 -3.0064723 24.748041
 6.5804291 -3.4743886 24.75844
 6.8000789 -3.9564252 24.76403