-6.7540832 -3.492985 24.945511
 -6.5474639 -3.0262218 24.979963
 -6.3187494 -2.5641248 24.943502
 -6.1033235 -2.1303687 24.967896
 -5.8870125 -1.7081486 24.978241
 -5.6713195 -1.3014753 24.99259
 -5.4458756 -0.90879792 24.972155
 -5.2308078 -0.53155857 24.99366
 -5.0101118 -0.17135915 24.993067
 -4.7885251 0.17536713 24.978739
 -4.565464 0.5012607 24.979319
 -4.3506098 0.81655586 24.992285
 -4.1320057 1.117133 24.998575
 -3.9086931 1.3960276 24.971895
 -3.692019 1.6665053 24.992594
 -3.471308 1.9169664 24.989199
 -3.2525775 2.1526763 24.988327
 -3.0326796 2.3706319 25.009872
 -2.8128142 2.5737422 24.991852
 -2.5916698 2.7651725 24.992189
 -2.3758171 2.9388711 25.01133
 -2.1542084 3.0948372 25.013937
 -1.9265308 3.2306311 25.011683
 -1.7109129 3.3576019 24.982727
 -1.4930716 3.4729316 25.011776
 -1.2710867 3.5617993 24.969439
 -1.0466555 3.6370504 25.007233
 -0.8318603 3.7034788 24.986374
 -0.61192727 3.7492514 24.966814
 -0.39096427 3.7787287 24.962219
 -0.16986698 3.7941592 24.969248
 0.048146769 3.7926712 24.953876
 0.27432773 3.7778571 25.002777
 0.48874283 3.7506618 24.985903
 0.71627992 3.6999378 25.009727
 0.93049401 3.6434338 25.017342
 1.1535442 3.5594254 25.006863
 1.3688858 3.4664602 24.991186
 1.5880309 3.3629327 25.009192
 1.8087076 3.2349944 25.004141
 2.0334232 3.0874119 24.995497
 2.2538443 2.9299028 24.985668
 2.4700811 2.7626634 25.008383
 2.6917772 2.5710826 24.995907
 2.9115009 2.3632059 24.972799
 3.129941 2.1520312 25.016039
 3.351135 1.9105594 24.985535
 3.5699368 1.6566304 24.968325
 3.7932091 1.3954375 25.004404
 4.007359 1.1080902 24.95245
 4.2270622 0.81456393 24.980951
 4.4508133 0.49821705 24.985983
 4.6767712 0.17188326 25.02412
 4.8852124 -0.17721577 24.957777
 5.1084557 -0.53562146 24.983601
 5.335618 -0.9112044 25.021328
 5.5445766 -1.3028127 24.956867
 5.7675881 -1.7116665 24.974569
 5.9854584 -2.1333153 24.969236
 6.2157798 -2.5766492 25.011667
 6.4319916 -3.0300987 25.010916
 6.6505046 -3.5008359 24.994257
 6.8671794 -3.9863226 24.971313