-6.7715988 -3.5052145 24.984215
 -6.5488482 -3.0328584 24.971064
 -6.3455 -2.5883353 25.040134
 -6.114809 -2.1446915 25.002377
 -5.8959055 -1.7198925 24.99646
 -5.6813064 -1.3120866 25.02178
 -5.4608617 -0.92132002 25.018631
 -5.2350736 -0.54118681 24.991266
 -5.0165043 -0.18258311 25.002127
 -4.7973132 0.16369471 25.004848
 -4.5854049 0.49343723 25.043835
 -4.3585358 0.80916935 25.010397
 -4.1376271 1.1053782 24.99802
 -3.9162486 1.3864685 25.010025
 -3.6969953 1.6564633 25.01026
 -3.4786665 1.9083481 25.01963
 -3.2562444 2.1426086 25.003141
 -3.0343647 2.3587377 24.997164
 -2.8156078 2.564642 25.008566
 -2.592371 2.7520516 24.972473
 -2.3765378 2.9271963 25.007107
 -2.1538472 3.0818403 24.984262
 -1.934597 3.2248836 24.991854
 -1.717387 3.3494785 25.017693
 -1.4962927 3.4606161 25.026773
 -1.2789615 3.558115 25.046623
 -1.0551829 3.6300368 25.020853
 -0.8373251 3.6972022 25.002306
 -0.61485618 3.7425127 25.000414
 -0.39551723 3.7754579 25.008596
 -0.17423873 3.7860725 24.983179
 0.043277916 3.7867939 24.978325
 0.26356253 3.7702901 24.9797
 0.48488659 3.7486923 25.05632
 0.70654607 3.695348 25.012943
 0.92539155 3.6325724 24.995436
 1.1464553 3.5561545 25.026548
 1.3663521 3.4653337 25.044491
 1.5831883 3.3467014 24.998159
 1.8063971 3.2249882 25.011032
 2.0222752 3.0824516 24.988615
 2.2458777 2.9266448 25.012079
 2.4649575 2.7558472 25.019817
 2.6884131 2.5667281 25.021894
 2.9067745 2.3657339 25.053629
 3.1251106 2.1418765 25.007818
 3.3416986 1.906075 24.985151
 3.5628395 1.6571857 25.010712
 3.7823827 1.3907721 24.997189
 4.0012808 1.1044142 24.975918
 4.2232022 0.80949348 25.009876
 4.4540153 0.49181458 25.052185
 4.669661 0.16316006 25.026634
 4.8892117 -0.18198359 25.036877
 5.1078405 -0.54406124 25.017879
 5.3306928 -0.92140865 25.019995
 5.5400786 -1.310312 24.994883
 5.7694788 -1.7228144 25.031664
 5.9815774 -2.1420233 24.982225
 6.2047806 -2.5842433 25.003185
 6.4176869 -3.0340457 24.984995
 6.6438475 -3.5088038 24.999739
 6.859097 -3.9921451 24.978468