-6.8075118 -3.5253377 25.118423
 -6.5986023 -3.0586135 25.162289
 -6.3594828 -2.5931721 25.095335
 -6.1444445 -2.1528344 25.122723
 -5.9290113 -1.7295916 25.140533
 -5.7142797 -1.3192647 25.167402
 -5.4820013 -0.92264199 25.128958
 -5.2648501 -0.54584563 25.133345
 -5.0403166 -0.1812546 25.129452
 -4.8176274 0.16597813 25.125156
 -4.5998545 0.49759093 25.129032
 -4.3830991 0.81094962 25.15708
 -4.156579 1.1121596 25.138947
 -3.9369383 1.3946903 25.130154
 -3.7222416 1.6672429 25.172745
 -3.4895437 1.9131236 25.098368
 -3.2736676 2.1537237 25.129515
 -3.0540078 2.3760436 25.148314
 -2.8278875 2.5782936 25.111803
 -2.6112852 2.7695849 25.149307
 -2.3867843 2.9428003 25.126543
 -2.1691337 3.1013508 25.153673
 -1.9482467 3.2465382 25.160637
 -1.7256339 3.3684788 25.12995
 -1.504697 3.4811332 25.143246
 -1.2813522 3.5738225 25.129568
 -1.0621113 3.6530652 25.142477
 -0.83909047 3.7158649 25.131941
 -0.61947376 3.7680938 25.164541
 -0.39604479 3.7956116 25.149366
 -0.1785184 3.8105514 25.140558
 0.04642712 3.8103454 25.140671
 0.2646994 3.7957864 25.149494
 0.48886052 3.7675848 25.159351
 0.70779008 3.7186155 25.158094
 0.9316749 3.6562409 25.161455
 1.1497715 3.5753188 25.135149
 1.3739682 3.4837942 25.155975
 1.5948399 3.3694043 25.132463
 1.8151407 3.2442431 25.148628
 2.0369747 3.099447 25.13703
 2.256151 2.9426074 25.139833
 2.4802852 2.7716043 25.145575
 2.6955388 2.5746338 25.094481
 2.9196248 2.3754733 25.127977
 3.1411498 2.1517742 25.122643
 3.3606992 1.9159905 25.133705
 3.5886092 1.6657082 25.160479
 3.8035033 1.3936337 25.118996
 4.0257549 1.1123754 25.140457
 4.2507615 0.81042588 25.14604
 4.4695725 0.49816722 25.147593
 4.6881533 0.16688247 25.133833
 4.9114051 -0.18201427 25.134712
 5.1257644 -0.54355347 25.102104
 5.3613911 -0.92402929 25.169804
 5.582047 -1.3203169 25.167685
 5.79247 -1.7272029 25.124468
 6.0153499 -2.1559703 25.133066
 6.2326093 -2.5939043 25.11335
 6.4677272 -3.0584853 25.163618
 6.6850891 -3.5317047 25.155306
 6.9029722 -4.0178871 25.146376