-6.7670655 -3.5060396 24.97576
 -6.5577302 -3.0377896 25.004406
 -6.3360057 -2.5811975 24.993454
 -6.1218348 -2.1446764 25.022346
 -5.8919716 -1.7175503 24.985239
 -5.6770005 -1.3114839 25.000675
 -5.4603915 -0.92038518 25.015371
 -5.2342052 -0.54112405 24.986908
 -5.0200925 -0.18180494 25.023853
 -4.7952952 0.16388892 24.997421
 -4.5756617 0.4914932 25.009369
 -4.3573198 0.80873871 24.993698
 -4.1356568 1.1043031 24.988344
 -3.9156358 1.3874202 25.010666
 -3.6944649 1.6553366 24.996792
 -3.4826958 1.9090462 25.05134
 -3.2571781 2.141171 25.016783
 -3.0376248 2.3617475 25.015488
 -2.8172336 2.5670147 25.013889
 -2.5969667 2.7545216 25.022209
 -2.3768311 2.9279668 25.000027
 -2.1574714 3.0877135 25.024343
 -1.9390163 3.2280452 25.023067
 -1.7125492 3.3472254 24.985382
 -1.4932947 3.4559448 24.977339
 -1.2744081 3.5545301 25.01116
 -1.0560243 3.6317391 24.991779
 -0.83920789 3.7008216 25.020132
 -0.61388063 3.7386096 24.983456
 -0.39673153 3.771739 24.985909
 -0.17481583 3.7896142 25.017345
 0.042790942 3.7890673 24.986988
 0.26563421 3.7726023 25.002146
 0.48381877 3.744261 25.012831
 0.70589495 3.7000513 25.050825
 0.92463493 3.6312933 24.996151
 1.1464196 3.5580485 25.036728
 1.36783 3.4596553 25.018167
 1.5872622 3.3539593 25.036938
 1.8056078 3.2225435 24.996019
 2.0225959 3.0856602 24.997335
 2.2452292 2.9261019 25.001642
 2.4683599 2.7555184 25.024008
 2.6874683 2.5685916 25.029926
 2.9077697 2.3639319 25.046968
 3.1279178 2.1445527 25.031435
 3.347754 1.9093589 25.035213
 3.5692863 1.6581459 25.042793
 3.7858143 1.3909285 25.031628
 4.0051394 1.1047796 25.000532
 4.2213225 0.80935389 24.999069
 4.4524021 0.49318698 25.047636
 4.6704912 0.16416897 25.05188
 4.8877287 -0.18123657 25.022755
 5.0978756 -0.5406968 24.976282
 5.3258033 -0.92168897 24.998407
 5.5494523 -1.3128502 25.025793
 5.764832 -1.7194194 24.99983
 5.9896045 -2.1465249 25.017248
 6.2050772 -2.5822594 24.99633
 6.4264565 -3.0399051 25.011978
 6.6464119 -3.5090902 25.011454
 6.863606 -3.9939678 24.994947