-3.6915343 1.1461124 29.610092
 -4.6976829 1.0764191 25.936064
 -5.8882499 -1.9566077 25.468687
 -0.95130301 -1.3275036 22.844477
 4.4515977 -0.61050993 24.237001
 6.9484978 -0.36694357 25.219275
 -3.7558022 -0.52481997 29.230204
 6.298017 -1.0353637 27.410934
 1.1266518 1.3050225 24.439468
 4.4093609 -0.21721742 20.263918
 2.7129223 -2.2443378 21.96549
 6.6755056 2.1737282 26.136431
 4.8678389 1.0759094 26.38986
 5.1227841 1.3110282 20.705107
 1.0608779 -0.63089949 26.280714
 0.83353847 1.0148185 24.692766
 -2.5617435 1.8969895 21.696472
 2.4716055 -0.029717926 24.58861
 1.0285028 0.80119097 21.313904
 -5.8972459 -2.6454072 27.493893
 2.8694222 -2.0538361 26.369329
 6.8346334 -2.9433935 20.998133
 -4.612536 2.3506625 28.213593
 3.3794374 0.066107668 29.589611
 3.4673789 2.65236 28.993002
 -4.5390277 0.084545285 26.246397
 -6.62222 1.356674 22.421362
 6.916955 2.991689 24.053841
 -2.7040884 2.2174537 20.21026
 5.0626016 -0.27641284 23.08889
 -3.3649771 1.5072068 29.513166
 -4.1229463 2.2550366 21.68025
 5.5559192 0.12693861 26.666187
 -0.058260538 -0.1293536 27.935978
 -2.1899192 -2.8325276 21.846849
 2.3291957 1.7257173 26.402935
 -3.2802918 2.2395062 22.734892
 6.5163145 2.9866583 24.328379
 4.3259563 2.9478745 29.973492
 -0.58800471 -2.270205 22.924591
 -0.31747183 1.662032 23.107546
 4.8984561 2.8873997 28.104422
 5.3677721 -0.22021987 25.99205
 6.9877539 2.8174455 26.589752
 -4.424305 0.98691463 21.591679
 -0.3797901 -2.6870039 27.943247
 1.4528265 1.45913 26.018503
 -4.9004326 0.87752545 28.471291
 0.018732423 -2.3111207 23.962923
 -3.2926726 -0.074311987 23.860388