-6.7783742 -3.5096107 25.007664
 -6.5571647 -3.0378702 25.004698
 -6.3363609 -2.5830858 25.004921
 -6.1166267 -2.144022 25.006754
 -5.8974972 -1.7201426 25.006832
 -5.6745572 -1.311255 24.99749
 -5.457211 -0.91932589 25.008736
 -5.2364421 -0.54184914 25.00407
 -5.0180206 -0.18145269 25.014547
 -4.7964826 0.16395146 25.005653
 -4.576786 0.49324769 25.011822
 -4.3546996 0.80785376 24.998571
 -4.135746 1.106462 25.0035
 -3.9165914 1.3887453 25.011953
 -3.6961381 1.6562684 25.006771
 -3.4771006 1.9082623 25.011295
 -3.2562017 2.1417964 25.002741
 -3.0368185 2.3625615 25.014021
 -2.8171849 2.5673704 25.010721
 -2.5966113 2.7553084 25.009033
 -2.3769317 2.9281082 25.011497
 -2.156708 3.0855162 25.018013
 -1.9370843 3.2265995 25.011089
 -1.7163205 3.3504753 25.005903
 -1.4954623 3.4618132 25.012043
 -1.2753843 3.5552232 25.00337
 -1.055672 3.6329429 25.004625
 -0.83519745 3.6963866 25.003191
 -0.61497176 3.7438052 25.011683
 -0.3958576 3.7762475 25.010874
 -0.17444043 3.7916646 25.008797
 0.044982709 3.7906346 25.006338
 0.26363057 3.7770426 25.013889
 0.48448429 3.7441902 25.010855
 0.70456547 3.6966448 25.004616
 0.92495131 3.6337528 25.00408
 1.1442736 3.555558 25.005512
 1.3646265 3.4611347 25.006012
 1.5852336 3.3514266 25.006626
 1.8040591 3.2257292 25.005787
 2.0256271 3.0863848 25.013083
 2.2449975 2.9272025 25.002283
 2.466588 2.7553775 25.008612
 2.6859663 2.5673246 25.013416
 2.9057102 2.3619015 25.008514
 3.125119 2.142509 25.010212
 3.3461235 1.9065282 25.007238
 3.5660398 1.6552306 25.0086
 3.786943 1.389163 25.007616
 4.0063968 1.1066651 25.012499
 4.2256613 0.80790704 25.009695
 4.4483867 0.49504909 25.016619
 4.6651793 0.16443287 25.004143
 4.8853393 -0.18087375 25.005119
 5.1060972 -0.54236704 25.00588
 5.3283315 -0.92004573 25.010498
 5.5468545 -1.3116508 25.004955
 5.7663116 -1.7197154 25.008598
 5.9876556 -2.1448963 25.010408
 6.2077436 -2.5830376 25.011948
 6.4269571 -3.0382242 25.00992
 6.6486683 -3.511034 25.01091
 6.8691969 -3.9973965 25.010933