-6.6992798 -3.6499953 25.245646
 -6.3493357 -3.2982364 25.25495
 -5.9948683 -2.9669411 25.245546
 -5.6393218 -2.6615238 25.238964
 -5.2876363 -2.382349 25.24485
 -4.935081 -2.1279256 25.244759
 -4.5786715 -1.8961488 25.231117
 -4.2258534 -1.6901203 25.226748
 -3.87217 -1.5092608 25.227184
 -3.5220377 -1.3555326 25.235041
 -3.1676965 -1.2219841 25.225321
 -2.8141034 -1.1169689 25.228134
 -2.4619062 -1.0341841 25.22493
 -2.1085377 -0.9771387 25.220749
 -1.7558669 -0.94523335 25.214586
 -1.4043915 -0.93821323 25.225855
 -1.0523763 -0.95388919 25.225893
 -0.69913113 -0.99698997 25.223341
 -0.34737572 -1.0611581 25.216269
 0.0050287442 -1.1523114 25.219065
 0.35785002 -1.2697859 25.229853
 0.70895511 -1.4099501 25.21809
 1.0617329 -1.5761991 25.223749
 1.4149553 -1.7649632 25.218018
 1.7660968 -1.9796929 25.224033
 2.1187329 -2.2189651 25.224348
 2.4714727 -2.482722 25.222538
 2.8256066 -2.7730207 25.230146
 3.1762965 -3.0851505 25.22242
 3.5307713 -3.4262345 25.236542
 3.8844678 -3.7894366 25.238174
 4.2399969 -4.1792564 25.253399