-5.84972620010376 -0.5205493569374084 20.947542190551758
-5.566469192504883 -1.330926537513733 23.28612518310547
1.493727445602417 1.9834126234054565 27.526107788085938
4.590452194213867 2.8595175743103027 24.843278884887695
1.021201729774475 -0.3593136966228485 20.728473663330078
-2.90850830078125 -0.43458348512649536 24.251487731933594
-6.089799404144287 -1.8346244096755981 23.374914169311523
-2.9028267860412598 -1.6895558834075928 21.1149959564209
4.552666187286377 2.796712875366211 22.790515899658203
-5.4975996017456055 -1.1955437660217285 22.939416885375977
1.5948939323425293 -2.938804864883423 23.351606369018555
1.5261814594268799 0.03709757700562477 29.31208610534668
-0.37065389752388 1.0765503644943237 22.553232192993164
-3.7768895626068115 -1.5572572946548462 21.930517196655273
-4.058892726898193 -2.754075050354004 28.34430503845215
5.493014812469482 -1.6718323230743408 22.270179748535156
4.342616558074951 -0.18288111686706543 20.747238159179688
0.5745904445648193 -1.2084177732467651 26.399158477783203
-6.463120937347412 1.341767430305481 26.146169662475586
-1.3560574054718018 -1.7658926248550415 27.76858901977539
-2.1408119201660156 -0.3037933111190796 25.79751205444336
3.465339422225952 -0.598776638507843 29.802608489990234
0.10273023694753647 -1.648299217224121 22.873605728149414
1.1927094459533691 0.21622231602668762 20.12012481689453
0.7246590852737427 2.354495048522949 28.256303787231445
-0.8333150744438171 0.5266371369361877 22.776538848876953
-5.022073745727539 2.9127392768859863 23.158519744873047
-3.9745981693267822 2.7200677394866943 20.10822296142578
4.87982702255249 -1.6245057582855225 23.074050903320312
2.5191686153411865 -0.9850289821624756 24.545108795166016
-1.9133555889129639 0.08635120838880539 24.025413513183594
4.4144511222839355 1.405121088027954 21.48583984375
-2.3006975650787354 0.999153733253479 28.069290161132812
1.9453097581863403 2.272367477416992 25.74728012084961
5.95018196105957 0.9256740212440491 28.131141662597656
4.339079856872559 0.9202324748039246 27.80197525024414
-2.25011944770813 1.2534821033477783 22.68177604675293
-6.198391437530518 2.733203649520874 26.12755584716797
-4.841453552246094 -2.8937227725982666 27.888896942138672
3.0441436767578125 1.2616974115371704 23.235658645629883
-2.711787223815918 -2.4720301628112793 29.175024032592773
2.768953561782837 0.08185481280088425 28.938400268554688
-5.890679836273193 -2.229964017868042 29.865142822265625
0.09894878417253494 -0.18669399619102478 26.89903450012207
5.252039432525635 -2.460620641708374 24.615049362182617
-5.042410850524902 -0.029359789565205574 28.38419532775879
2.916628122329712 -0.17855727672576904 25.85384178161621
-4.488682270050049 2.69907283782959 23.51952362060547
5.348576068878174 -1.5792059898376465 27.08992576599121
6.41267204284668 0.4620104134082794 27.032432556152344
