5.093139171600342 -0.09523150324821472 28.39496421813965
-0.31422656774520874 0.7094033360481262 29.262910842895508
-3.4281764030456543 -1.984361171722412 23.983989715576172
-5.040776252746582 -1.3460243940353394 21.25661277770996
2.616804599761963 -1.1619646549224854 27.790931701660156
0.4672968089580536 2.7998974323272705 28.18821144104004
3.7594645023345947 1.9239202737808228 25.900484085083008
-2.9268577098846436 0.692509114742279 24.111522674560547
5.254743576049805 -0.41062238812446594 24.355810165405273
4.317038059234619 0.11202333867549896 28.601924896240234
2.398371458053589 -0.9353693127632141 28.6791934967041
-2.663599729537964 -0.933728814125061 25.972440719604492
-5.611682891845703 -2.187389373779297 25.805400848388672
-4.593252182006836 1.2126013040542603 20.473445892333984
-5.410502910614014 0.18042217195034027 24.825876235961914
-4.360191345214844 -1.4001878499984741 27.373703002929688
-5.418200492858887 -0.14162033796310425 25.244539260864258
-6.443749904632568 2.2534170150756836 26.567529678344727
-2.197683811187744 -2.8322248458862305 28.36347198486328
5.848207950592041 1.6055926084518433 24.653841018676758
6.489714622497559 0.7924447655677795 23.868928909301758
2.033604860305786 1.4565458297729492 20.957500457763672
-1.8543719053268433 2.9822311401367188 29.742467880249023
-0.8991866111755371 -1.522057056427002 21.45672607421875
1.1355040073394775 -0.3237318694591522 22.16527557373047
-4.784970283508301 2.0071306228637695 20.20703125
-3.6106319427490234 -1.955012559890747 21.650869369506836
2.351348876953125 0.9621255993843079 29.188644409179688
-5.098060131072998 -1.9053378105163574 28.576152801513672
-4.589694976806641 -1.8604224920272827 29.546344757080078
5.2805705070495605 2.625910758972168 26.187854766845703
-0.8298877477645874 -1.4127575159072876 20.63690185546875
-0.40514108538627625 2.956373691558838 25.27941131591797
-4.459604740142822 1.3472799062728882 23.00995445251465
1.4162434339523315 -0.10259465128183365 25.328399658203125
1.4154601097106934 2.641648530960083 24.153818130493164
-1.1497461795806885 0.8660637140274048 27.218914031982422
-0.6167076826095581 0.4232097268104553 25.423404693603516
-6.389469146728516 0.5578872561454773 26.292232513427734
4.996744155883789 -0.08587812632322311 28.842559814453125
-3.06215500831604 -1.3286828994750977 22.479686737060547
-5.165262699127197 2.528428792953491 26.191299438476562
1.5107320547103882 -0.47158387303352356 20.770463943481445
-1.5208724737167358 1.0397764444351196 25.744369506835938
-0.09318911284208298 -2.135721206665039 26.838130950927734
-3.6421327590942383 -2.940544843673706 21.34865379333496
-6.056726455688477 0.9926964640617371 25.663761138916016
4.984519004821777 2.6896774768829346 29.99504280090332
-3.270796775817871 -0.39912891387939453 22.32658576965332
4.7358198165893555 -0.013427567668259144 25.60455894470215
