-3.687995672225952 1.1379890441894531 29.539464950561523
-4.6911187171936035 1.0687659978866577 25.874652862548828
-5.876575946807861 -1.9548588991165161 25.401865005493164
-0.9531668424606323 -1.3288323879241943 22.80063247680664
4.435116291046143 -0.6136090159416199 24.176118850708008
6.924642562866211 -0.3703855872154236 25.15488624572754
-3.753413438796997 -0.5266209840774536 29.161073684692383
6.272909641265869 -1.0371410846710205 27.33127212524414
1.1192905902862549 1.2983524799346924 24.398286819458008
4.39443826675415 -0.22077533602714539 20.216482162475586
2.70247745513916 -2.244025945663452 21.9193172454834
6.647881507873535 2.161170721054077 26.056066513061523
4.848498821258545 1.0680307149887085 26.321712493896484
5.107564449310303 1.304567813873291 20.661130905151367
1.053362488746643 -0.6329908967018127 26.2185001373291
0.8268929123878479 1.0075985193252563 24.65049171447754
-2.561020612716675 1.8898522853851318 21.65520668029785
2.461355686187744 -0.032884322106838226 24.531681060791016
1.0227768421173096 0.7967014908790588 21.278610229492188
-5.881897926330566 -2.6401379108428955 27.407787322998047
2.8574626445770264 -2.054396867752075 26.305194854736328
6.818626880645752 -2.942168951034546 20.959087371826172
-4.603061676025391 2.3400518894195557 28.125768661499023
3.3664824962615967 0.06253597140312195 29.515485763549805
3.452620506286621 2.640773296356201 28.911144256591797
-4.535146236419678 0.08006996661424637 26.192035675048828
-6.614139556884766 1.350222110748291 22.37788963317871
6.897298812866211 2.980600357055664 23.999902725219727
-2.7033538818359375 2.209944248199463 20.174240112304688
5.044541835784912 -0.27932533621788025 23.030683517456055
-3.3638501167297363 1.5014700889587402 29.45110321044922
-4.117879390716553 2.245689868927002 21.631315231323242
5.534588813781738 0.12237492948770523 26.59132957458496
-0.06217185780405998 -0.13519753515720367 27.87737464904785
-2.190674066543579 -2.83227276802063 21.812946319580078
2.319441795349121 1.7183260917663574 26.351211547851562
-3.276956796646118 2.2306087017059326 22.68488121032715
6.4925031661987305 2.973334550857544 24.262012481689453
4.3112993240356445 2.935520887374878 29.896926879882812
-0.5916123390197754 -2.2709014415740967 22.88623046875
-0.3220898509025574 1.6545313596725464 23.066715240478516
4.880217552185059 2.8743531703948975 28.027036666870117
5.347698211669922 -0.22400151193141937 25.928573608398438
6.957671165466309 2.802534580230713 26.504907608032227
-4.419994831085205 0.9808821082115173 21.550838470458984
-0.38380610942840576 -2.6863811016082764 27.884613037109375
1.4446396827697754 1.449059009552002 25.96294593811035
-4.887113094329834 0.8707213401794434 28.3785343170166
0.014592836610972881 -2.3111915588378906 23.909971237182617
-3.28887677192688 -0.07921141386032104 23.805917739868164
