6.796149253845215 -0.62400883436203 25.0
-6.766424655914307 2.3778371810913086 25.0
7.087992191314697 1.317253589630127 25.0
-7.245032787322998 -0.7276895642280579 25.0
-0.02829948253929615 -0.5956422090530396 25.0
-4.571270942687988 2.1013295650482178 25.0
0.3591841161251068 2.2163376808166504 25.0
2.9225971698760986 -2.035045623779297 25.0
1.2035737037658691 1.3024187088012695 25.0
4.528075218200684 0.5115634799003601 25.0
-3.880784273147583 -0.8654401302337646 25.0
6.31391716003418 -3.2545132637023926 25.0
-3.9214425086975098 2.925994396209717 25.0
4.138309478759766 3.603727102279663 25.0
-3.015077829360962 -2.1266541481018066 25.0
-1.2863759994506836 -3.398463487625122 25.0
-2.110943078994751 -1.6199733018875122 25.0
-0.4058490991592407 1.6930116415023804 25.0
-4.457023620605469 -1.3391549587249756 25.0
-0.46007680892944336 -2.426809310913086 25.0
-1.5437047481536865 -0.44315633177757263 25.0
-1.7181535959243774 3.0287089347839355 25.0
-4.848576068878174 -2.4008419513702393 25.0
5.881230354309082 -2.4945602416992188 25.0
2.1928822994232178 -1.8292813301086426 25.0
-3.644663095474243 -3.745715618133545 25.0
2.5939455032348633 -0.8514903783798218 25.0
-7.150970458984375 -3.7935099601745605 25.0
5.649892330169678 -0.20319466292858124 25.0
-5.264184951782227 2.8187382221221924 25.0
-4.314814567565918 0.4030747413635254 25.0
5.548725605010986 2.1951682567596436 25.0
3.602001667022705 -0.1451205611228943 25.0
5.439769268035889 -0.7087405323982239 25.0
4.868008613586426 -0.4418141543865204 25.0
4.806133270263672 1.5481125116348267 25.0
6.498024940490723 -0.4349985420703888 25.0
-6.024502277374268 0.13993042707443237 25.0
3.1122727394104004 0.06991612166166306 25.0
3.960860252380371 2.9313104152679443 25.0
5.175209045410156 -1.4955432415008545 25.0
-3.570296049118042 -1.966084599494934 25.0
3.1662707328796387 -2.394043445587158 25.0
5.580148220062256 0.0006059544975869358 25.0
5.8950276374816895 -1.3973584175109863 25.0
-3.8874332904815674 2.18739652633667 25.0
6.062660217285156 -1.254969596862793 25.0
4.499020576477051 -1.5208715200424194 25.0
0.7327486276626587 -3.3934314250946045 25.0
5.919031143188477 2.1801183223724365 25.0
6.135406017303467 -2.0252280235290527 25.0
-4.484015941619873 1.2354636192321777 25.0
5.719944953918457 -2.349860429763794 25.0
3.0701167583465576 -1.7258305549621582 25.0
-6.61624002456665 -0.685071587562561 25.0
-5.696789264678955 -0.09393271803855896 25.0
0.47391781210899353 -0.4538441598415375 25.0
0.22676095366477966 -0.09994212538003922 25.0
-3.2870678901672363 -2.8058669567108154 25.0
-1.9254425764083862 2.808079481124878 25.0
4.742170333862305 0.566764235496521 25.0
1.951360821723938 -2.6445207595825195 25.0
4.566982746124268 -0.7865735292434692 25.0
0.36043331027030945 -0.769325852394104 25.0
3.589925765991211 -0.6833836436271667 25.0
7.176145553588867 3.122311592102051 25.0
5.443253993988037 -1.8284988403320312 25.0
6.996285438537598 -1.952963948249817 25.0
3.6528117656707764 1.5147591829299927 25.0
4.669466495513916 -0.15656474232673645 25.0
0.699980616569519 -3.5942065715789795 25.0
-1.230948805809021 0.30488887429237366 25.0
-2.197667360305786 0.011062589474022388 25.0
2.235105276107788 -0.7609575390815735 25.0
-6.3348870277404785 0.8284382820129395 25.0
1.4610909223556519 3.5167741775512695 25.0
7.027326583862305 -3.103215456008911 25.0
6.174478054046631 0.9413232803344727 25.0
7.482490062713623 -3.773820161819458 25.0
-0.14420484006404877 2.985275983810425 25.0
0.7707799673080444 1.5490657091140747 25.0
5.346500396728516 1.2206586599349976 25.0
2.0655465126037598 -0.7987720966339111 25.0
-0.4527735710144043 -3.690279960632324 25.0
-4.643401622772217 -0.2900480031967163 25.0
-2.059091329574585 -3.396599292755127 25.0
-7.155892372131348 -1.9523801803588867 25.0
3.7920925617218018 2.639158010482788 25.0
-4.881279945373535 3.7406437397003174 25.0
4.567049980163574 2.8486733436584473 25.0
-7.3603434562683105 -1.1856874227523804 25.0
4.646265029907227 3.1776883602142334 25.0
1.752606987953186 -3.609504222869873 25.0
-2.125776529312134 0.318245530128479 25.0
4.567841053009033 -3.0220797061920166 25.0
3.3486788272857666 0.49173882603645325 25.0
3.4772274494171143 -1.1439993381500244 25.0
3.0837295055389404 -0.3883173167705536 25.0
-1.2555559873580933 2.4706733226776123 25.0
-1.8877984285354614 3.5757358074188232 25.0
-4.534508228302002 0.8948677778244019 25.0
1.104848027229309 -2.860706329345703 25.0
-4.825266361236572 2.525956630706787 25.0
6.751569747924805 -2.9447872638702393 25.0
-0.5548998713493347 -3.0868923664093018 25.0
-2.8635592460632324 -3.3105545043945312 25.0
-0.2425476759672165 -0.6654080152511597 25.0
-0.8973307609558105 0.028026388958096504 25.0
-0.42631280422210693 3.0918822288513184 25.0
-0.5615723729133606 -3.002413749694824 25.0
2.9230592250823975 0.9921082258224487 25.0
5.265425205230713 2.3699169158935547 25.0
-7.110538482666016 1.2780557870864868 25.0
-4.6574931144714355 1.6253927946090698 25.0
-0.11441662907600403 2.766127109527588 25.0
-5.85009241104126 0.8393358588218689 25.0
0.4524703323841095 0.11640407145023346 25.0
5.8042192459106445 2.74505352973938 25.0
1.496332049369812 -1.6263666152954102 25.0
1.3156095743179321 -3.5445432662963867 25.0
-1.9776508808135986 2.3488075733184814 25.0
3.349376916885376 2.241522789001465 25.0
3.904271125793457 0.7519358396530151 25.0
-4.246485233306885 -2.622246265411377 25.0
3.1481096744537354 1.1017022132873535 25.0
-3.2635579109191895 1.4520341157913208 25.0
3.1102216243743896 -0.2758563756942749 25.0
0.6690101623535156 -3.5510365962982178 25.0
4.467808723449707 1.2782034873962402 25.0
-6.052822113037109 0.20163285732269287 25.0
-6.961409091949463 -3.795287609100342 25.0
-6.315094470977783 -2.1046338081359863 25.0
6.763543128967285 -1.0940308570861816 25.0
-0.3142029345035553 -2.1760120391845703 25.0
3.881382703781128 2.6236732006073 25.0
-4.037048816680908 0.08259688317775726 25.0
0.6921716332435608 -0.4385848045349121 25.0
6.071972370147705 3.6996753215789795 25.0
4.458611011505127 3.457926034927368 25.0
3.7710647583007812 1.6210644245147705 25.0
-7.167490005493164 1.3062210083007812 25.0
-2.375354051589966 2.847188949584961 25.0
-2.9764394760131836 -1.188802719116211 25.0
-0.49574148654937744 2.197500467300415 25.0
6.43996524810791 -2.4735429286956787 25.0
-3.743751287460327 1.2559765577316284 25.0
6.355967998504639 -1.6674789190292358 25.0
4.609499454498291 -2.435316801071167 25.0
-0.8424075841903687 -1.3640116453170776 25.0
2.8834774494171143 0.04925116151571274 25.0
-3.2642948627471924 0.5485715270042419 25.0
-4.853976726531982 2.745821952819824 25.0
-4.747958660125732 -0.9205607771873474 25.0
4.95625638961792 2.498746633529663 25.0
-2.652702808380127 1.923250436782837 25.0
-1.982683777809143 -1.410659670829773 25.0
-4.168417930603027 -3.1731488704681396 25.0
-4.22584342956543 0.39390817284584045 25.0
-6.825639724731445 -1.1995439529418945 25.0
5.98320198059082 -1.6048449277877808 25.0
-2.326284408569336 -2.967036485671997 25.0
3.393275499343872 -0.8538116812705994 25.0
-7.368846416473389 2.535273790359497 25.0
-1.4084266424179077 0.4281872808933258 25.0
-0.6948011517524719 2.2391762733459473 25.0
0.18265126645565033 -2.624150037765503 25.0
6.8222737312316895 -0.7553324103355408 25.0
-1.8938528299331665 1.2901158332824707 25.0
6.936490535736084 2.426335096359253 25.0
-4.596495151519775 -0.4532439708709717 25.0
-4.059654235839844 2.122587203979492 25.0
2.055678606033325 0.5497348308563232 25.0
-5.01710844039917 3.6830317974090576 25.0
-5.546005725860596 0.5938692092895508 25.0
-0.383806437253952 0.0822601467370987 25.0
5.69514799118042 -3.5359785556793213 25.0
-0.5704262852668762 -0.06444114446640015 25.0
3.3709263801574707 -3.3112974166870117 25.0
-6.111006736755371 2.5961954593658447 25.0
-1.0932875871658325 -1.9893932342529297 25.0
3.957308292388916 2.3751840591430664 25.0
2.1490068435668945 2.5292067527770996 25.0
1.0468552112579346 -2.913301467895508 25.0
3.508558750152588 2.8690056800842285 25.0
3.343585252761841 3.8492207527160645 25.0
5.232979774475098 1.084020733833313 25.0
5.671817779541016 -3.2758872509002686 25.0
7.310935020446777 1.94916832447052 25.0
-1.2713661193847656 1.8559235334396362 25.0
2.359846353530884 -0.5562834739685059 25.0
-3.2667341232299805 -3.3188717365264893 25.0
5.055139064788818 0.74025559425354 25.0
2.4117908477783203 -1.0288034677505493 25.0
3.0812795162200928 1.7297453880310059 25.0
-3.517216920852661 2.9888665676116943 25.0
1.117310643196106 -2.9667890071868896 25.0
4.03629207611084 -3.300711154937744 25.0
6.426800727844238 3.499671220779419 25.0
2.1588313579559326 -3.247962236404419 25.0
2.0399773120880127 -2.2262556552886963 25.0
2.2230167388916016 3.23457670211792 25.0
6.342875957489014 -1.8793452978134155 25.0
6.606028079986572 -1.3595659732818604 25.0
-5.474582195281982 -2.3809354305267334 25.0
-6.684182643890381 -0.3870066702365875 25.0
-1.7523329257965088 -2.272165536880493 25.0
-3.350189208984375 0.32193320989608765 25.0
-7.336599826812744 2.8854644298553467 25.0
2.702941417694092 -2.1222572326660156 25.0
-0.8012164235115051 3.8113532066345215 25.0
0.3365156650543213 -3.298863410949707 25.0
6.406451225280762 -2.195675849914551 25.0
3.1815881729125977 1.9513169527053833 25.0
6.516857624053955 2.166987180709839 25.0
-6.703717231750488 -1.9991800785064697 25.0
-0.5232884287834167 1.432694673538208 25.0
-2.1968579292297363 -3.5717945098876953 25.0
1.8886336088180542 -2.322377920150757 25.0
-2.688263416290283 2.366919994354248 25.0
3.5412020683288574 3.067189931869507 25.0
7.381023406982422 -0.13089005649089813 25.0
6.361756324768066 -3.2562005519866943 25.0
-7.252686977386475 -3.5782904624938965 25.0
-3.507591485977173 2.1293067932128906 25.0
-2.7507412433624268 1.459497332572937 25.0
4.496908664703369 -2.672372817993164 25.0
-6.070158958435059 -1.655043125152588 25.0
-5.745325088500977 2.1810836791992188 25.0
4.352258682250977 2.1867125034332275 25.0
1.7572031021118164 -1.0477045774459839 25.0
-1.6965289115905762 -2.161182403564453 25.0
1.080862045288086 2.067993402481079 25.0
-3.971827745437622 3.8657877445220947 25.0
6.632003307342529 -3.60548734664917 25.0
4.864503860473633 0.9603121280670166 25.0
-5.4368109703063965 -0.9825174808502197 25.0
4.210598468780518 -2.444364309310913 25.0
1.2148737907409668 2.9984021186828613 25.0
3.5043399333953857 -1.1659879684448242 25.0
-2.4861948490142822 0.22340933978557587 25.0
4.9562602043151855 -2.182530164718628 25.0
-5.342143535614014 2.894714593887329 25.0
5.353349685668945 0.10133739560842514 25.0
0.3591920733451843 0.42788583040237427 25.0
1.9259443283081055 2.800779342651367 25.0
-6.6245317459106445 1.121322512626648 25.0
-7.266354560852051 -1.2095547914505005 25.0
-2.048203229904175 -1.641741394996643 25.0
-0.29545873403549194 -1.4529942274093628 25.0
4.728079795837402 -2.0428390502929688 25.0
-7.348140716552734 -2.980679512023926 25.0
-1.169402837753296 3.616881847381592 25.0
2.5633156299591064 -0.48462194204330444 25.0
6.289345741271973 1.805279016494751 25.0
2.7784953117370605 -3.4267992973327637 25.0
5.662511348724365 3.616044759750366 25.0
4.033520221710205 1.283578872680664 25.0
6.424027919769287 3.52992844581604 25.0
-0.34316739439964294 0.695702850818634 25.0
2.148029088973999 0.7962197065353394 25.0
-1.4595532417297363 3.5548954010009766 25.0
-3.2299957275390625 3.7841720581054688 25.0
0.8485123515129089 -3.8798670768737793 25.0
-2.8630125522613525 -0.9053899049758911 25.0
-1.7754027843475342 1.7027565240859985 25.0
1.5774669647216797 -0.34463128447532654 25.0
-7.297859191894531 -0.4919630289077759 25.0
-4.703936576843262 0.06867661327123642 25.0
7.3004584312438965 -2.3098974227905273 25.0
-4.211289405822754 3.6261661052703857 25.0
1.6950830221176147 -3.3752686977386475 25.0
0.8217097520828247 -1.3271899223327637 25.0
-0.5777882933616638 0.6885852217674255 25.0
4.420285224914551 0.7460196018218994 25.0
-7.305308818817139 0.8861472010612488 25.0
-1.565948486328125 1.8595918416976929 25.0
5.062329292297363 -3.0418481826782227 25.0
2.9315056800842285 3.593005895614624 25.0
4.79098653793335 -2.9850857257843018 25.0
-6.5065388679504395 -3.4240705966949463 25.0
4.2138895988464355 0.6688219904899597 25.0
4.128464698791504 -3.0956125259399414 25.0
4.064847469329834 -3.81146502494812 25.0
0.8117506504058838 -3.3694634437561035 25.0
0.15067005157470703 0.720247745513916 25.0
0.6079747676849365 3.731257677078247 25.0
-3.4269044399261475 -2.519411563873291 25.0
5.845163822174072 -0.9172356128692627 25.0
6.7466325759887695 1.7532684803009033 25.0
-1.7750244140625 2.934389352798462 25.0
-0.7805257439613342 0.42078158259391785 25.0
-5.837451934814453 -3.8329217433929443 25.0
-7.358907699584961 2.3008480072021484 25.0
5.813610553741455 3.6891982555389404 25.0
1.5442975759506226 1.9399787187576294 25.0
2.4667818546295166 3.803611993789673 25.0
-3.3283114433288574 0.8709174394607544 25.0
2.110551118850708 -3.4609365463256836 25.0
0.4047474265098572 1.8417835235595703 25.0
5.980966567993164 -2.1500673294067383 25.0
4.666125297546387 0.5644906759262085 25.0
-5.819830417633057 2.13313627243042 25.0
4.583741664886475 -3.5082485675811768 25.0
7.051942825317383 2.9885103702545166 25.0
-1.6512525081634521 -2.2281062602996826 25.0
3.2017385959625244 -0.9863631725311279 25.0
3.6587889194488525 0.07316191494464874 25.0
0.4482632875442505 -3.0529184341430664 25.0
0.7404723763465881 -1.7955721616744995 25.0
-1.8079043626785278 1.2246752977371216 25.0
-1.597123146057129 -0.6950939893722534 25.0
1.0985305309295654 -2.9679245948791504 25.0
2.6967124938964844 -1.8023072481155396 25.0
-5.993261814117432 2.95643949508667 25.0
-1.6755653619766235 3.6657564640045166 25.0
-1.1867365837097168 0.9362879991531372 25.0
-6.7088446617126465 3.041147470474243 25.0
6.470523834228516 -2.735867500305176 25.0
6.306037902832031 -2.4422667026519775 25.0
-2.0638551712036133 3.0421082973480225 25.0
5.894649028778076 -1.3743456602096558 25.0
-6.578352928161621 1.1739383935928345 25.0
-0.1674242615699768 1.1023751497268677 25.0
0.8547344207763672 1.9772794246673584 25.0
-2.083372116088867 0.4721272885799408 25.0
5.629472255706787 2.060804605484009 25.0
-6.583134174346924 2.958800792694092 25.0
1.5311063528060913 3.178682804107666 25.0
-3.340369939804077 0.6215644478797913 25.0
4.885569095611572 2.7367193698883057 25.0
6.788567543029785 0.191549152135849 25.0
-4.905588626861572 0.28828421235084534 25.0
-4.895053863525391 1.1544454097747803 25.0
5.771364688873291 2.1018946170806885 25.0
4.1566619873046875 1.963435411453247 25.0
-0.9238041639328003 0.5260357856750488 25.0
4.013529300689697 -1.84983229637146 25.0
-4.321255683898926 -0.3327432870864868 25.0
-6.327933311462402 1.0222978591918945 25.0
-2.1879420280456543 0.5807040929794312 25.0
-1.492069959640503 -2.9695990085601807 25.0
3.9102752208709717 -2.1190154552459717 25.0
2.1608543395996094 1.1703917980194092 25.0
1.3146741390228271 2.973278760910034 25.0
6.628012180328369 0.28974398970603943 25.0
-2.910850763320923 0.07292970269918442 25.0
6.595457553863525 -2.0736799240112305 25.0
4.671759128570557 -1.5907853841781616 25.0
1.70456063747406 2.2942774295806885 25.0
2.841068983078003 0.4174046516418457 25.0
1.0367182493209839 0.31370604038238525 25.0
0.7409331798553467 3.832883358001709 25.0
7.284958839416504 -2.3286638259887695 25.0
2.1563398838043213 -1.5583221912384033 25.0
-5.702643394470215 0.5936530828475952 25.0
1.0237541198730469 0.07532074302434921 25.0
4.853538513183594 -3.1769299507141113 25.0
0.6036112308502197 1.0820612907409668 25.0
0.09967481344938278 -3.5650696754455566 25.0
-4.320455074310303 3.2760703563690186 25.0
3.3180267810821533 -1.9346486330032349 25.0
0.4252936840057373 -0.5586563348770142 25.0
-6.866589069366455 1.454506278038025 25.0
-1.9250142574310303 -0.11964050680398941 25.0
-3.558271646499634 -0.20239469408988953 25.0
2.682830572128296 1.154191255569458 25.0
-2.532853603363037 0.7572857737541199 25.0
-1.899194598197937 0.9488828778266907 25.0
6.850620746612549 1.9589564800262451 25.0
-1.1198482513427734 1.249671459197998 25.0
-3.395643949508667 -2.7727136611938477 25.0
-1.3968154191970825 2.112931966781616 25.0
0.5507814884185791 3.2693538665771484 25.0
-1.5863308906555176 -2.1353321075439453 25.0
1.9891339540481567 3.8035619258880615 25.0
5.9899001121521 3.602903127670288 25.0
5.544747352600098 2.737833261489868 25.0
0.6084397435188293 0.09345181286334991 25.0
1.5204888582229614 1.716374158859253 25.0
6.399834632873535 -3.187495470046997 25.0
3.2795729637145996 1.3972214460372925 25.0
-1.3616567850112915 3.715426206588745 25.0
-3.2802131175994873 1.407907247543335 25.0
-7.072400093078613 -3.851428508758545 25.0
-1.4307687282562256 3.2974770069122314 25.0
-7.4767889976501465 3.396399974822998 25.0
0.4579751193523407 -2.5301482677459717 25.0
3.9832961559295654 2.6551334857940674 25.0
1.6248499155044556 -0.3483724594116211 25.0
3.325707197189331 2.5323495864868164 25.0
-5.405348300933838 -0.053060729056596756 25.0
-4.12235164642334 2.8714816570281982 25.0
-1.8136264085769653 -3.7107982635498047 25.0
6.366675853729248 2.3395352363586426 25.0
-4.176750183105469 -1.501830816268921 25.0
7.406614780426025 -2.3833749294281006 25.0
-3.2585978507995605 2.2653074264526367 25.0
-5.313732147216797 -1.6185412406921387 25.0
3.3649675846099854 2.9184539318084717 25.0
-6.812582969665527 1.8146785497665405 25.0
-6.872092247009277 1.9695261716842651 25.0
-3.0846025943756104 0.2108936905860901 25.0
-0.7036352753639221 -0.895828366279602 25.0
0.6593402624130249 -2.941899061203003 25.0
2.4844186305999756 1.9483036994934082 25.0
-6.684574127197266 -1.7313473224639893 25.0
4.744212627410889 -1.792709231376648 25.0
-5.403706073760986 -1.0434240102767944 25.0
5.864190578460693 -2.354931592941284 25.0
-6.1104912757873535 -0.20625998079776764 25.0
-2.9017274379730225 -3.1234514713287354 25.0
-7.4187493324279785 -3.4648752212524414 25.0
-4.501173496246338 -1.2696760892868042 25.0
-6.105399131774902 3.1750669479370117 25.0
4.118311405181885 0.9911804795265198 25.0
-6.791229724884033 0.12854397296905518 25.0
2.1976232528686523 1.3971995115280151 25.0
-3.6842987537384033 3.7435359954833984 25.0
-6.260190963745117 -0.08962064236402512 25.0
-4.396851539611816 3.812549591064453 25.0
-6.745137691497803 1.2776015996932983 25.0
3.6699881553649902 0.74886155128479 25.0
-7.25001335144043 1.7626796960830688 25.0
-1.2476025819778442 -1.2577067613601685 25.0
-1.4766844511032104 -1.2250005006790161 25.0
-1.997641921043396 0.7489928007125854 25.0
5.259955406188965 2.9724605083465576 25.0
6.166634559631348 3.078658103942871 25.0
1.2205727100372314 -0.06417414546012878 25.0
0.8563981652259827 -1.971941590309143 25.0
-5.920984745025635 2.217465400695801 25.0
-2.1217448711395264 1.7893147468566895 25.0
-2.518610954284668 0.5415343046188354 25.0
7.156364917755127 -1.727145791053772 25.0
-3.0052096843719482 -0.5662577748298645 25.0
6.738187789916992 2.7184720039367676 25.0
-7.034137725830078 2.288003444671631 25.0
-4.786639213562012 1.62550687789917 25.0
6.7278289794921875 2.135244607925415 25.0
5.262557029724121 -3.5528478622436523 25.0
-1.9708017110824585 -2.672020435333252 25.0
-0.7676547169685364 1.905678629875183 25.0
-0.7521209716796875 2.0224318504333496 25.0
6.963827133178711 2.114567756652832 25.0
0.8709558844566345 0.40973567962646484 25.0
5.577267646789551 -1.8533705472946167 25.0
0.3837186396121979 -0.22893349826335907 25.0
-1.3693064451217651 -1.9058940410614014 25.0
2.3944668769836426 0.4968785345554352 25.0
1.1489282846450806 -2.2624316215515137 25.0
-4.005616188049316 0.0421760156750679 25.0
-2.4974422454833984 0.9751532673835754 25.0
-1.2734521627426147 3.0160655975341797 25.0
7.4466352462768555 3.8613030910491943 25.0
3.2912650108337402 2.7596681118011475 25.0
-2.866910934448242 -3.192229747772217 25.0
-2.7782082557678223 3.5321614742279053 25.0
4.3186187744140625 3.77036714553833 25.0
-7.260945796966553 0.5879442095756531 25.0
2.520855188369751 -0.31661444902420044 25.0
0.26630899310112 1.4484820365905762 25.0
-4.373560905456543 -2.7072999477386475 25.0
3.3943557739257812 1.57773756980896 25.0
6.303617477416992 1.3809149265289307 25.0
-5.454844951629639 2.44882869720459 25.0
-4.143835067749023 2.6632182598114014 25.0
-5.343247413635254 -2.8253302574157715 25.0
4.841475486755371 -1.1851599216461182 25.0
4.592742443084717 -3.785038948059082 25.0
-4.602402210235596 -1.0533721446990967 25.0
-2.10585618019104 -0.6718186140060425 25.0
5.616662502288818 3.214928150177002 25.0
1.844858169555664 -3.767859935760498 25.0
-1.4014384746551514 -1.9571346044540405 25.0
-1.042015790939331 -1.923598289489746 25.0
6.867761611938477 -2.0458428859710693 25.0
-2.037619113922119 -3.1887805461883545 25.0
3.844071626663208 -2.2984163761138916 25.0
6.235578536987305 2.5018022060394287 25.0
4.339301586151123 3.1113646030426025 25.0
-3.0063323974609375 -3.1212377548217773 25.0
0.7030014991760254 0.8969042301177979 25.0
0.9366042613983154 -0.9989137053489685 25.0
-4.7359514236450195 2.5698773860931396 25.0
-1.771934151649475 0.5563027262687683 25.0
6.4095048904418945 1.8917871713638306 25.0
3.4371225833892822 -3.2758116722106934 25.0
-5.126055717468262 2.579163074493408 25.0
-2.335937023162842 0.7605854868888855 25.0
-5.908897876739502 3.59834623336792 25.0
-3.8321027755737305 -2.171525239944458 25.0
-5.9849700927734375 0.9696977734565735 25.0
0.6564033031463623 2.2669854164123535 25.0
7.490144729614258 2.116633892059326 25.0
-2.115062952041626 -1.660598635673523 25.0
4.990082740783691 -3.6080431938171387 25.0
-1.9757864475250244 1.638617992401123 25.0
-5.106832027435303 -2.0073065757751465 25.0
-1.9630472660064697 0.7465047836303711 25.0
4.492762565612793 -3.5093963146209717 25.0
-4.819240093231201 -3.4256885051727295 25.0
-6.337307453155518 0.29936355352401733 25.0
2.123565196990967 -2.3434417247772217 25.0
-4.258638381958008 -0.6742523908615112 25.0
1.2135624885559082 3.0665836334228516 25.0
-3.8639957904815674 -3.201690196990967 25.0
2.1849541664123535 -0.9775925874710083 25.0
6.09050989151001 -2.8358447551727295 25.0
2.8433289527893066 -2.2225446701049805 25.0
-6.3800740242004395 -3.2587714195251465 25.0
-1.1531059741973877 1.3346376419067383 25.0
5.352782249450684 -0.5194737911224365 25.0
-6.745925426483154 2.0067403316497803 25.0
6.27906608581543 -0.5253115296363831 25.0
0.9205929636955261 0.5894510746002197 25.0
-6.3090996742248535 -2.0398759841918945 25.0
-4.161094665527344 1.9935134649276733 25.0
-6.788463592529297 -3.7712178230285645 25.0
0.7317469716072083 2.285957098007202 25.0
-4.321091651916504 -1.4665871858596802 25.0
-5.9087815284729 -1.4654409885406494 25.0
1.6034051179885864 -2.6980931758880615 25.0
0.005317724775522947 -2.909705400466919 25.0
5.501148223876953 -0.06800440698862076 25.0
-1.9510328769683838 -1.7054334878921509 25.0
-6.323568344116211 1.8807491064071655 25.0
2.6271207332611084 -2.0205512046813965 25.0
0.16736669838428497 0.03151874989271164 25.0
-2.9552364349365234 -2.7437825202941895 25.0
6.274351119995117 1.4164988994598389 25.0
4.562861442565918 3.209251642227173 25.0
6.514091968536377 -2.6274986267089844 25.0
4.91035270690918 -3.7663424015045166 25.0
1.5773948431015015 0.941710352897644 25.0
-3.3724944591522217 3.578672409057617 25.0
-5.970674514770508 2.0034313201904297 25.0
4.477860927581787 -3.4434590339660645 25.0
-3.72755765914917 -0.3187580406665802 25.0
0.989173173904419 -2.467859983444214 25.0
4.603712558746338 -1.9023680686950684 25.0
2.40004301071167 -2.7483632564544678 25.0
6.7488789558410645 -3.1425294876098633 25.0
-3.0121607780456543 3.4485232830047607 25.0
1.046013355255127 2.277841329574585 25.0
0.4029247760772705 0.5803321599960327 25.0
6.813951015472412 0.4301610589027405 25.0
2.929804563522339 2.8294270038604736 25.0
5.9089765548706055 3.649366855621338 25.0
2.966421127319336 -2.435236930847168 25.0
-1.2269237041473389 -0.3148821294307709 25.0
1.6009639501571655 -2.3314669132232666 25.0
-4.595219135284424 2.4347095489501953 25.0
-6.26202917098999 0.2454465925693512 25.0
4.7136664390563965 0.6147963404655457 25.0
-1.8192030191421509 -1.6726460456848145 25.0
1.9465947151184082 3.422424554824829 25.0
2.3641984462738037 -2.4550862312316895 25.0
-2.4031903743743896 -3.2978711128234863 25.0
-1.3408124446868896 -2.3284430503845215 25.0
1.23390793800354 -1.923784613609314 25.0
-6.616054534912109 -0.24530687928199768 25.0
-6.599708557128906 -2.3866817951202393 25.0
0.7071505188941956 1.7132540941238403 25.0
-7.352397918701172 2.2503747940063477 25.0
-3.806612730026245 1.7633877992630005 25.0
6.095608234405518 2.3026363849639893 25.0
5.878499984741211 2.9108362197875977 25.0
6.93520450592041 0.6542035937309265 25.0
-0.8357470631599426 -2.7584588527679443 25.0
6.310662269592285 1.601162075996399 25.0
7.088785648345947 -2.62272047996521 25.0
0.591076135635376 -2.6289491653442383 25.0
2.4029695987701416 -0.037609025835990906 25.0
3.409954071044922 2.014909029006958 25.0
1.406226396560669 2.3289525508880615 25.0
-4.667792320251465 3.588782787322998 25.0
0.7349057197570801 -1.4154200553894043 25.0
-2.5362539291381836 1.0978273153305054 25.0
3.9566454887390137 -0.2074144035577774 25.0
4.2969465255737305 3.8167519569396973 25.0
0.09993110597133636 3.7753593921661377 25.0
-1.882167100906372 0.6533830761909485 25.0
-6.7603631019592285 -0.8723363280296326 25.0
5.371481895446777 -1.9339048862457275 25.0
-2.0090293884277344 2.306220293045044 25.0
1.596847414970398 -3.4967293739318848 25.0
-4.970929145812988 -3.3332324028015137 25.0
4.334078788757324 2.1444509029388428 25.0
4.3014140129089355 -3.1392951011657715 25.0
-6.234775066375732 -0.2688802480697632 25.0
0.6158793568611145 2.434854507446289 25.0
-0.7055909037590027 -3.6254868507385254 25.0
-1.5929062366485596 -0.8203133344650269 25.0
3.849093437194824 0.047156013548374176 25.0
4.158656597137451 -1.4670320749282837 25.0
-6.684481143951416 -0.29516705870628357 25.0
-4.38647985458374 2.5396742820739746 25.0
1.2485978603363037 2.118063449859619 25.0
0.9235847592353821 -1.8242517709732056 25.0
1.3094303607940674 3.815981864929199 25.0
0.11199986934661865 1.8277643918991089 25.0
2.9641857147216797 3.8563148975372314 25.0
6.805548667907715 2.5365097522735596 25.0
0.7268187403678894 1.3503127098083496 25.0
5.299275875091553 0.17433014512062073 25.0
-0.21053728461265564 -2.537341594696045 25.0
2.917318820953369 2.0509941577911377 25.0
-6.5517683029174805 -1.8475052118301392 25.0
-5.042148590087891 1.213636040687561 25.0
2.4434683322906494 1.7992109060287476 25.0
-5.9984612464904785 3.4951119422912598 25.0
-7.2966718673706055 -1.754879117012024 25.0
-5.378454685211182 -2.1500494480133057 25.0
-6.873397350311279 1.2997384071350098 25.0
7.024767875671387 0.49161839485168457 25.0
-6.409657001495361 0.6521175503730774 25.0
-3.949981212615967 3.8876805305480957 25.0
2.9080522060394287 -2.361111640930176 25.0
0.48035183548927307 3.2075531482696533 25.0
2.7289085388183594 2.8404366970062256 25.0
0.343492716550827 -2.4101576805114746 25.0
-1.1617025136947632 -1.3369215726852417 25.0
-6.308163642883301 3.889497995376587 25.0
-3.928699493408203 0.07854712009429932 25.0
3.7072818279266357 -2.6790659427642822 25.0
-6.57605504989624 -3.601377010345459 25.0
-1.6372541189193726 -0.2540651857852936 25.0
-5.254410266876221 -2.9910285472869873 25.0
-2.7970428466796875 -1.032270073890686 25.0
-0.7596957087516785 -0.5810057520866394 25.0
-4.535274505615234 3.5072102546691895 25.0
6.451150417327881 -3.7821238040924072 25.0
3.1112756729125977 1.1810309886932373 25.0
-4.484488010406494 3.259195566177368 25.0
3.26291823387146 -1.5432460308074951 25.0
4.388582706451416 2.762610912322998 25.0
1.8431921005249023 -0.720365047454834 25.0
1.5260363817214966 -3.5345869064331055 25.0
-6.651595592498779 -1.1227574348449707 25.0
-2.6592419147491455 -1.6883869171142578 25.0
3.0235002040863037 2.946737766265869 25.0
-1.559224009513855 -1.2418556213378906 25.0
3.215211868286133 3.1152849197387695 25.0
4.037971496582031 2.5969438552856445 25.0
1.5983693599700928 -3.4474923610687256 25.0
-0.8959300518035889 1.8197673559188843 25.0
2.3032314777374268 -2.683580160140991 25.0
1.7890381813049316 -0.8268076181411743 25.0
2.1278836727142334 -2.6312384605407715 25.0
-2.92836856842041 -3.2995378971099854 25.0
-6.397379398345947 1.1366912126541138 25.0
1.1314533948898315 0.7846435308456421 25.0
6.700231075286865 1.5505715608596802 25.0
-4.7608561515808105 2.5843422412872314 25.0
-7.032017707824707 -3.649961471557617 25.0
7.113503932952881 2.252070903778076 25.0
5.542415618896484 3.563187599182129 25.0
3.4439704418182373 3.8675122261047363 25.0
-1.6782324314117432 -1.3095682859420776 25.0
-6.88800048828125 -3.2709898948669434 25.0
4.929441928863525 2.5683059692382812 25.0
4.481559753417969 -1.0589627027511597 25.0
7.09782600402832 3.4051246643066406 25.0
5.06821870803833 2.236018657684326 25.0
0.3454529047012329 0.8111812472343445 25.0
3.6856751441955566 0.942990243434906 25.0
-0.8819943070411682 1.5650601387023926 25.0
0.7587371468544006 2.6303083896636963 25.0
3.703279733657837 2.090813159942627 25.0
-5.411238193511963 -3.10136079788208 25.0
-5.84250020980835 2.3565433025360107 25.0
3.7686643600463867 1.0543475151062012 25.0
0.24096709489822388 0.728133499622345 25.0
-5.685938835144043 -1.0478345155715942 25.0
-2.080812692642212 -3.048154830932617 25.0
4.3144025802612305 -3.2135519981384277 25.0
2.5795605182647705 0.3135247528553009 25.0
-2.565812587738037 0.8812079429626465 25.0
2.0204856395721436 2.70111083984375 25.0
3.977386951446533 -3.697923183441162 25.0
-6.535543918609619 0.59087073802948 25.0
4.851683616638184 2.0408082008361816 25.0
5.737342834472656 3.583378553390503 25.0
6.616456508636475 -3.8867764472961426 25.0
5.2510457038879395 3.21634840965271 25.0
-6.846819877624512 3.1154985427856445 25.0
4.553168296813965 -0.9781972169876099 25.0
2.0691959857940674 -0.10603170841932297 25.0
-2.6257073879241943 0.2947382628917694 25.0
0.12506172060966492 1.3483333587646484 25.0
6.30738639831543 -2.7454419136047363 25.0
6.390564918518066 -2.9998562335968018 25.0
-0.09225708991289139 2.5385212898254395 25.0
5.565225601196289 -1.8108257055282593 25.0
7.315084457397461 1.5038959980010986 25.0
1.7957546710968018 -2.5769991874694824 25.0
-5.580087184906006 0.9719716310501099 25.0
-3.606764793395996 0.1986382007598877 25.0
-4.520384311676025 0.28592735528945923 25.0
4.827239036560059 -0.4934873580932617 25.0
-2.578087329864502 -3.310284376144409 25.0
-6.144478797912598 -1.6346337795257568 25.0
-6.367215633392334 -0.25754764676094055 25.0
-7.373000621795654 0.10834012925624847 25.0
0.7864348888397217 -1.5780807733535767 25.0
-4.905788898468018 -3.8573343753814697 25.0
-2.3986144065856934 0.9768259525299072 25.0
-2.564927339553833 -0.3168396055698395 25.0
6.442412376403809 -2.8928496837615967 25.0
-6.879092216491699 -1.3347629308700562 25.0
3.220659017562866 -1.7895820140838623 25.0
4.680485725402832 3.874964714050293 25.0
-6.799219608306885 1.2139170169830322 25.0
7.196547985076904 0.3288344144821167 25.0
-6.034467697143555 -0.8801541924476624 25.0
-5.557522773742676 -2.981306791305542 25.0
3.72597336769104 -3.6371939182281494 25.0
-7.381542682647705 1.010705590248108 25.0
3.3710427284240723 2.7256298065185547 25.0
2.075272560119629 -0.12514039874076843 25.0
1.6227664947509766 2.9155375957489014 25.0
6.25262451171875 2.9160706996917725 25.0
3.282371997833252 -1.8965716361999512 25.0
-2.9061100482940674 -1.4716246128082275 25.0
-6.991621494293213 2.459505558013916 25.0
-1.2649914026260376 -3.2427315711975098 25.0
0.2947329580783844 -3.538867473602295 25.0
-3.5912060737609863 1.3179036378860474 25.0
-6.0950212478637695 2.013190507888794 25.0
1.0764014720916748 -1.6393333673477173 25.0
-3.5850324630737305 1.586975336074829 25.0
-4.675988674163818 -2.514435052871704 25.0
-0.6564024686813354 -3.345079183578491 25.0
6.775259017944336 3.6554317474365234 25.0
-5.509150505065918 3.3509209156036377 25.0
6.116883754730225 1.6579915285110474 25.0
4.499152660369873 0.3984489440917969 25.0
-5.18661642074585 -1.043235421180725 25.0
3.273374557495117 -0.5805116295814514 25.0
2.4291138648986816 -3.4316320419311523 25.0
-4.373207092285156 0.46490535140037537 25.0
2.296485424041748 3.380963087081909 25.0
2.7084712982177734 -0.9981296062469482 25.0
6.637180328369141 3.1413631439208984 25.0
7.063916206359863 -2.3311424255371094 25.0
-4.548460483551025 -0.8812271952629089 25.0
3.5481319427490234 -1.642503023147583 25.0
-4.561184406280518 -1.4979248046875 25.0
-1.6081888675689697 0.7086020112037659 25.0
-3.4485549926757812 2.0898244380950928 25.0
-1.3804600238800049 -3.1691765785217285 25.0
-7.379944324493408 1.558587908744812 25.0
1.0719797611236572 0.26141005754470825 25.0
5.9072394371032715 -0.015256638638675213 25.0
1.4368802309036255 3.6176044940948486 25.0
-1.9700449705123901 -2.4678761959075928 25.0
5.9901204109191895 2.2764058113098145 25.0
4.411477565765381 2.631279230117798 25.0
6.8323140144348145 3.3386096954345703 25.0
0.3604302704334259 0.8166469931602478 25.0
0.5340823531150818 -0.21209844946861267 25.0
6.829503059387207 2.518145799636841 25.0
6.646731376647949 -3.5215952396392822 25.0
-3.6000726222991943 -3.2826216220855713 25.0
0.34379008412361145 -1.4928268194198608 25.0
-7.198275566101074 3.5514519214630127 25.0
4.900669574737549 -2.987802028656006 25.0
-2.587494134902954 -0.8926860690116882 25.0
1.0910042524337769 -3.5096631050109863 25.0
-1.1506915092468262 -1.1860114336013794 25.0
-4.116025924682617 -1.9920755624771118 25.0
-5.019752025604248 -0.46550309658050537 25.0
-2.682168483734131 3.6768248081207275 25.0
-3.798825740814209 0.45334210991859436 25.0
1.7079205513000488 -0.2530674934387207 25.0
-2.762457847595215 -3.5616977214813232 25.0
-5.632096290588379 3.8956215381622314 25.0
5.872912406921387 -1.9765323400497437 25.0
3.124711751937866 2.585362672805786 25.0
0.7676314115524292 3.484604597091675 25.0
1.903502106666565 -1.987592339515686 25.0
5.246374607086182 3.758600950241089 25.0
5.557620048522949 -3.259232521057129 25.0
-4.137247085571289 -0.1636001169681549 25.0
-5.447564601898193 0.9945248961448669 25.0
2.526313543319702 -3.550720453262329 25.0
2.903632402420044 -0.5471982359886169 25.0
-4.032511234283447 -3.358556032180786 25.0
3.7661683559417725 1.1043360233306885 25.0
-6.970837593078613 -3.669780969619751 25.0
-5.385833263397217 -2.9474780559539795 25.0
-6.5469069480896 -2.531731367111206 25.0
3.435361623764038 -2.3141045570373535 25.0
-4.936779499053955 -0.43598583340644836 25.0
0.8928344249725342 1.9983656406402588 25.0
2.86923885345459 -0.44945627450942993 25.0
-1.6057116985321045 0.2122470885515213 25.0
-4.2283759117126465 2.0436859130859375 25.0
1.9918910264968872 0.7879123091697693 25.0
-5.736363410949707 0.54892498254776 25.0
5.178875923156738 1.121853232383728 25.0
6.3039069175720215 2.4095828533172607 25.0
-3.5782973766326904 -0.039063334465026855 25.0
4.171893119812012 -1.9938372373580933 25.0
0.825577974319458 1.5303281545639038 25.0
3.7303011417388916 -2.1922430992126465 25.0
2.417445421218872 -3.3667800426483154 25.0
3.4132938385009766 -1.508671760559082 25.0
-0.5751644372940063 -1.3931015729904175 25.0
6.783061504364014 -3.604480028152466 25.0
2.7027711868286133 3.306154727935791 25.0
-5.4612531661987305 -2.802006959915161 25.0
-1.58413565158844 0.6864373683929443 25.0
-1.811772346496582 0.46651577949523926 25.0
-1.2530608177185059 3.09883713722229 25.0
7.143606662750244 -1.8442296981811523 25.0
-5.2376909255981445 3.1609344482421875 25.0
-5.753144264221191 1.1173094511032104 25.0
-2.3369476795196533 -3.0888309478759766 25.0
1.730064034461975 1.17460298538208 25.0
5.68115758895874 1.8680099248886108 25.0
6.4973039627075195 -1.9755699634552002 25.0
-3.280488967895508 2.93749737739563 25.0
3.681675434112549 -3.233553171157837 25.0
-7.240460395812988 0.923760712146759 25.0
-1.572684407234192 1.929550290107727 25.0
-7.173332214355469 1.40899658203125 25.0
6.028636455535889 0.32605984807014465 25.0
1.2365883588790894 1.056739330291748 25.0
1.847162127494812 2.651531457901001 25.0
-7.142282962799072 -2.694114923477173 25.0
-0.4892735183238983 -3.382776975631714 25.0
2.577767848968506 1.0744479894638062 25.0
-3.3910346031188965 -2.894199848175049 25.0
0.9305267930030823 1.89180588722229 25.0
-3.4210422039031982 1.175825595855713 25.0
-0.41793474555015564 1.27318274974823 25.0
3.2829439640045166 1.984291434288025 25.0
-0.22325493395328522 -2.1463048458099365 25.0
1.6357519626617432 -1.3273522853851318 25.0
6.948072910308838 3.0864436626434326 25.0
2.1043994426727295 0.3277207314968109 25.0
-2.4094836711883545 -2.2490572929382324 25.0
7.327643394470215 2.898679494857788 25.0
5.045049667358398 -1.542433261871338 25.0
-2.701258897781372 2.1300530433654785 25.0
0.8396627902984619 2.2278053760528564 25.0
-1.6722301244735718 -2.845027208328247 25.0
2.414752960205078 2.073853015899658 25.0
-6.218528747558594 3.435106039047241 25.0
3.0880556106567383 -1.8102493286132812 25.0
6.125798225402832 1.7702977657318115 25.0
-3.263378858566284 0.7271671295166016 25.0
-5.859755516052246 1.0050491094589233 25.0
-2.6489343643188477 -1.0773760080337524 25.0
3.544497489929199 3.603759765625 25.0
6.697926044464111 -3.5782582759857178 25.0
-1.7587662935256958 -0.9431071877479553 25.0
-7.291228771209717 -2.5951054096221924 25.0
4.7552170753479 -2.387343168258667 25.0
-0.386282742023468 3.2415127754211426 25.0
6.382696628570557 2.3677821159362793 25.0
0.363260954618454 -0.2756097912788391 25.0
-5.5845866203308105 -2.9264819622039795 25.0
5.631534576416016 -0.6254668831825256 25.0
7.394525527954102 -0.7781342267990112 25.0
-7.011729717254639 -1.4637130498886108 25.0
2.343153238296509 3.2022626399993896 25.0
1.9945578575134277 2.818394184112549 25.0
1.6042225360870361 1.0370765924453735 25.0
-4.92100715637207 -2.3164703845977783 25.0
2.388709306716919 -0.2912222146987915 25.0
6.721529960632324 -1.0524368286132812 25.0
-0.5539246201515198 1.6911070346832275 25.0
6.276258945465088 -3.711817741394043 25.0
-6.975158214569092 2.26041841506958 25.0
-6.5169196128845215 0.09839729964733124 25.0
-4.000259876251221 -0.9091084003448486 25.0
-6.132714748382568 3.0391955375671387 25.0
0.7875404953956604 -3.8864212036132812 25.0
1.3546123504638672 -2.8355026245117188 25.0
-4.459012508392334 1.8948571681976318 25.0
-5.213961124420166 -1.6383174657821655 25.0
-6.896538734436035 3.0470030307769775 25.0
7.077389717102051 -3.7782363891601562 25.0
4.91928243637085 -3.0005955696105957 25.0
-6.648435115814209 -3.3961973190307617 25.0
3.1896004676818848 -3.2651455402374268 25.0
2.9929516315460205 0.29464611411094666 25.0
-2.402641534805298 -0.25543996691703796 25.0
-2.966305732727051 -2.4483132362365723 25.0
-0.9832223653793335 -2.032564163208008 25.0
-2.2060728073120117 -0.686608076095581 25.0
6.032554626464844 -3.503509998321533 25.0
6.775734901428223 -0.9149684309959412 25.0
-6.509325981140137 -2.8126885890960693 25.0
3.3801863193511963 -2.557603359222412 25.0
-4.180898189544678 2.247208595275879 25.0
1.0795429944992065 -3.1232635974884033 25.0
6.827544689178467 -1.5932338237762451 25.0
-1.7365443706512451 1.5725860595703125 25.0
-4.331637859344482 -0.1334848701953888 25.0
-2.2184505462646484 -0.17933249473571777 25.0
2.7977232933044434 -1.7933250665664673 25.0
-3.054638147354126 1.1960054636001587 25.0
0.7635967135429382 -3.169208526611328 25.0
-3.2388525009155273 2.960026264190674 25.0
-6.325848579406738 -3.5597963333129883 25.0
2.231497287750244 -3.683255195617676 25.0
-5.456732273101807 -3.6642141342163086 25.0
-5.53068208694458 -1.1411752700805664 25.0
1.7769197225570679 0.930985689163208 25.0
-6.677445411682129 0.9820667505264282 25.0
-1.9109899997711182 3.8383469581604004 25.0
4.578253269195557 -2.6327593326568604 25.0
6.8034844398498535 0.023088928312063217 25.0
7.043856620788574 -2.9209342002868652 25.0
0.7291285395622253 0.5889240503311157 25.0
5.266701698303223 -1.1110457181930542 25.0
-4.1792216300964355 -1.6914753913879395 25.0
0.3148902952671051 3.6854748725891113 25.0
1.192683458328247 -1.392773151397705 25.0
1.0097525119781494 -2.810525417327881 25.0
-2.3788490295410156 3.2590670585632324 25.0
5.780167579650879 -1.938002586364746 25.0
-1.1480220556259155 0.5424045324325562 25.0
-7.338708400726318 3.5718231201171875 25.0
-6.584274768829346 -0.4729713797569275 25.0
2.436924695968628 -3.5930089950561523 25.0
-4.045803546905518 -3.295055389404297 25.0
-2.104870557785034 -3.740453004837036 25.0
5.338828086853027 -1.1894336938858032 25.0
-0.610480010509491 2.479604959487915 25.0
-3.958063840866089 1.5255323648452759 25.0
-0.8106843829154968 -0.5993154644966125 25.0
-6.071585178375244 -2.9708218574523926 25.0
-1.2076438665390015 -0.7790448069572449 25.0
6.971108913421631 -1.7528727054595947 25.0
-7.034733295440674 2.290473699569702 25.0
-7.081528663635254 1.1267445087432861 25.0
2.3775246143341064 0.5477213263511658 25.0
-4.128807544708252 -0.5561659336090088 25.0
-1.5619938373565674 3.339052200317383 25.0
-7.025991439819336 -0.47575005888938904 25.0
-5.586223125457764 -0.8918792605400085 25.0
-0.9370225071907043 -2.093339204788208 25.0
-4.378084182739258 2.340615749359131 25.0
5.019675254821777 -3.586965560913086 25.0
2.0553693771362305 0.8799055814743042 25.0
-6.11052131652832 0.8705686330795288 25.0
-4.38731050491333 -0.9111828207969666 25.0
-1.8660334348678589 3.121361494064331 25.0
1.2745593786239624 -1.1392852067947388 25.0
5.933718204498291 2.2003958225250244 25.0
-0.33589303493499756 -2.3533270359039307 25.0
-3.7379086017608643 -2.6526551246643066 25.0
-5.993336200714111 -1.5739359855651855 25.0
6.28148078918457 1.6508501768112183 25.0
-7.4174485206604 -0.4377422630786896 25.0
-5.349965572357178 -1.6438170671463013 25.0
3.698946714401245 1.6706037521362305 25.0
4.23701286315918 -0.9510696530342102 25.0
3.381601333618164 0.9686858654022217 25.0
6.869107723236084 3.8080673217773438 25.0
3.5193185806274414 -0.6666486859321594 25.0
-5.4698357582092285 -1.161004900932312 25.0
2.0352330207824707 1.2131767272949219 25.0
4.692476272583008 -2.152308225631714 25.0
1.4012627601623535 -1.4699746370315552 25.0
2.042419672012329 2.4071521759033203 25.0
2.6101880073547363 -0.5922979116439819 25.0
2.6716535091400146 -1.9994065761566162 25.0
-1.9412579536437988 0.14148811995983124 25.0
-4.805760383605957 -1.4667869806289673 25.0
4.576449394226074 1.7536648511886597 25.0
0.016876021400094032 -0.07811149954795837 25.0
5.717018127441406 0.8557871580123901 25.0
2.716987371444702 3.293855905532837 25.0
5.378391265869141 -2.3419947624206543 25.0
-0.23237450420856476 0.7028983235359192 25.0
-0.6117354035377502 0.2073935568332672 25.0
-4.741256237030029 -2.4052414894104004 25.0
-1.7969270944595337 -1.549242615699768 25.0
3.021519422531128 -0.1750585287809372 25.0
-4.692072868347168 2.492974281311035 25.0
2.8415701389312744 2.7398815155029297 25.0
-6.001510143280029 1.0590660572052002 25.0
4.421879291534424 2.3517086505889893 25.0
-3.507824420928955 1.5920956134796143 25.0
-6.870134353637695 0.7585875391960144 25.0
2.333188772201538 2.0834362506866455 25.0
5.742605686187744 -0.24762998521327972 25.0
5.705251693725586 -1.6493730545043945 25.0
-0.616908609867096 -3.3090245723724365 25.0
3.384514570236206 3.5027222633361816 25.0
4.029209613800049 0.25510215759277344 25.0
3.3797404766082764 -3.4757914543151855 25.0
0.020059209316968918 -3.73763108253479 25.0
-5.414083003997803 2.0470499992370605 25.0
-3.4773335456848145 -0.6382341980934143 25.0
