Statistics mean:   0.512048720972309  error in px 
Statistics stdev:   0.1619471020631631  error in px
[0.4627661  0.49749825 0.28330804 0.39177773 0.60276536 0.63566458
 0.43003521 0.65879186 0.59528664 0.65598962 0.62014311 0.88909595
 0.73737227 0.53874379 0.39198316 0.67047105 0.44996175 0.36588096
 0.4112725  0.17830326 0.57217139 0.46824368 0.31190722 0.2591919
 0.35292004 0.50749736 0.52902119 0.44903276 0.51264741 0.55083386
 0.34420051 0.5484825  0.50865012 0.49105992 0.51405761 0.440672
 0.42603673 0.76369686 0.28858714 0.5605715  0.63684664 0.43941551
 0.71047468 0.96845141 0.517888   0.44189846 0.78308301 0.19923931
 0.54239607 0.49615006]